726
60
120
392
197
710
466
538
937
434
329
686
128
755
506
626
505
672
479
350
294
912
895
225
269
583
761
586
11
379
955
89
439
427
481
989
489
948
879
426
382
209
464
862
316
322
840
821
346
671
523
641
584
419
218
853
354
980
791
365
711
746
454
502
525
288
843
14
588
723
792
322
284
256
536
600
930
728
774
276
400
297
269
336
68
488
541
422
820
332
139
531
430
946
33
955
234
877
969
174
952
113
848
236
721
384
188
651
112
314
927
864
964
197
200
384
685
741
807
505
73
298
36
503
244
421
810
830
