370
528
231
742
610
28
598
85
979
367
665
187
213
562
687
770
643
542
927
315
594
808
434
378
279
0
428
922
363
50
167
733
579
399
828
541
779
778
978
758
497
644
945
710
558
985
833
553
879
760
869
825
921
303
203
200
656
983
474
371
34
642
456
965
41
284
858
172
63
837
282
560
833
580
623
743
565
456
296
796
568
165
621
841
821
177
42
829
160
868
200
546
510
656
511
903
293
722
75
708
559
710
620
744
290
243
839
855
51
135
651
972
653
272
813
474
449
855
655
962
76
855
508
586
863
372
842
156
94
269
864
5
979
485
101
269
80
940
476
132
75
127
104
80
752
917
906
553
125
561
515
201
416
376
139
280
748
981
788
194
603
653
199
582
490
300
204
570
240
680
702
667
160
158
748
264
76
6
817
553
568
685
106
336
413
245
968
513
579
757
707
182
410
258
116
252
558
320
822
150
353
877
169
513
35
269
777
463
276
946
16
196
983
122
532
396
720
501
909
299
258
616
833
20
874
301
272
784
974
446
286
327
323
456
840
359
77
969
822
705
915
191
901
251
665
434
647
385
935
909
36
545
525
221
565
752
523
189
888
849
635
175
176
959
983
368
670
412
337
844
118
604
35
19
855
53
805
855
438
740
764
827
637
641
400
554
745
275
743
634
124
731
161
300
42
144
20
712
908
709
908
26
666
296
46
521
349
203
728
139
944
492
966
933
486
719
488
231
994
583
865
119
314
26
419
708
522
792
772
431
501
681
809
167
977
855
41
326
411
769
465
355
614
784
640
100
503
128
683
849
64
549
968
378
927
740
439
450
532
211
233
33
892
42
553
869
250
594
547
661
715
365
368
329
501
8
781
356
489
465
205
553
366
174
283
293
266
722
95
798
286
328
183
178
723
736
400
325
330
299
986
398
664
706
727
517
714
861
873
555
326
431
108
44
957
392
337
223
466
785
21
752
465
204
283
188
293
683
513
975
334
851
373
351
557
453
868
624
314
94
179
992
525
288
36
482
32
725
57
850
510
78
603
976
634
238
516
279
273
382
255
607
233
628
958
791
81
827
415
747
273
946
739
150
586
127
984
618
853
41
821
715
471
776
43
457
14
560
737
287
942
992
894
527
972
205
318
406
384
85
153
657
384
245
807
970
372
791
941
577
184
762
293
655
538
336
112
552
248
849
191
190
193
85
718
166
642
388
924
26
826
77
35
210
322
842
180
47
985
121
624
169
883
917
176
773
606
289
325
854
490
516
45
36
954
115
554
948
503
478
975
681
555
10
891
230
205
424
277
542
897
901
64
781
171
240
554
777
881
232
983
724
100
380
760
406
495
314
355
351
792
330
32
699
692
276
281
249
700
558
144
949
812
208
730
335
800
637
464
34
221
447
758
321
828
518
728
323
184
435
26
976
117
411
27
809
687
309
411
739
219
555
688
31
763
771
718
915
760
182
949
333
630
707
6
810
577
86
133
761
521
512
89
638
923
117
448
962
778
211
701
997
766
741
381
529
864
99
444
624
282
746
309
264
453
316
74
383
402
559
496
924
71
586
562
994
55
362
956
833
573
9
182
339
103
563
220
967
663
17
944
945
763
253
561
568
569
635
303
972
194
800
248
266
738
810
612
793
525
921
978
450
282
160
142
385
76
362
353
739
731
649
36
846
902
597
767
472
232
70
796
778
870
44
396
608
206
9
753
83
282
83
534
564
596
676
302
672
390
7
763
122
656
799
968
558
748
87
382
332
158
178
110
380
574
507
341
133
868
446
216
150
530
750
66
126
426
368
150
817
375
913
291
383
64
611
942
812
699
676
496
857
207
606
589
781
465
930
914
333
377
483
835
259
233
254
385
12
974
887
181
350
800
472
733
864
83
27
28
782
704
524
991
911
482
933
44
948
215
311
633
592
794
821
203
27
75
940
391
49
827
572
751
627
44
837
843
480
864
871
614
920
747
606
183
230
891
228
530
106
539
163
51
685
336
254
64
411
195
456
813
22
28
564
2
73
753
845
553
970
69
167
890
816
125
426
46
16
654
928
475
545
92
526
230
428
780
294
192
327
750
5
702
131
921
56
204
675
901
109
997
322
276
887
491
754
665
889
122
319
818
597
216
910
475
798
690
256
445
234
935
547
239
637
678
513
693
234
540
947
343
537
621
972
776
112
726
442
2
200
113
820
150
330
82
625
480
124
233
925
359
169
473
950
158
503
463
204
738
355
151
81
892
124
405
669
237
131
111
591
684
576
763
834
906
197
459
387
321
45
664
680
214
489
983
724
993
798
928
731
154
431
164
46
556
570
67
145
53
530
736
89
107
499
923
13
696
735
752
369
132
417
402
346
906
385
70
251
183
351
334
689
782
851
736
338
421
155
483
826
686
571
916
793
422
191
158
470
278
263
840
410
32
242
108
938
979
531
542
514
882
876
204
664
727
940
355
500
447
190
679
133
762
947
278
184
490
437
655
769
700
847
531
732
441
640
22
420
171
916
934
405
793
138
421
872
430
776
725
878
319
404
363
433
703
642
969
193
79
976
962
131
823
846
215
264
486
589
684
9
506
971
414
651
461
835
875
892
964
600
122
283
356
485
716
59
127
37
605
558
14
919
689
837
765
256
454
251
846
138
260
352
461
26
355
923
214
230
167
178
183
289
813
539
126
881
951
254
918
908
164
284
827
206
122
593
462
576
196
308
66
809
12
880
835
719
803
49
950
970
579
133
611
744
24
737
977
327
343
248
235
860
532
415
66
654
8
528
582
204
189
1
13
553
233
201
273
36
602
575
358
534
708
321
278
84
410
256
764
106
856
351
966
388
766
32
395
774
912
329
331
453
330
696
7
915
897
632
951
500
207
661
34
267
982
664
351
393
272
467
499
128
819
817
517
585
201
912
712
113
241
395
567
924
91
926
839
989
558
143
841
765
156
227
32
139
891
735
884
164
203
735
644
374
552
161
959
753
425
23
218
19
770
785
295
862
63
486
203
621
629
44
738
138
623
770
277
514
506
513
30
61
248
675
435
152
188
746
257
966
122
475
985
892
613
632
754
28
118
309
650
100
353
388
238
976
511
867
843
369
380
873
430
980
900
217
484
441
963
741
407
85
568
744
330
533
728
84
562
846
394
212
298
99
952
888
428
463
755
623
832
487
848
614
819
749
831
303
542
795
44
949
232
965
45
562
498
773
999
60
971
745
272
270
196
225
510
624
40
618
599
225
105
448
839
925
549
671
580
91
818
625
392
50
590
437
965
88
562
316
149
533
61
773
155
257
350
666
234
391
636
833
616
741
281
807
18
182
478
599
273
648
576
17
51
518
454
16
606
368
332
107
254
745
233
409
2
583
427
588
326
63
422
294
157
55
102
175
238
932
126
511
581
702
529
632
572
335
0
179
56
332
638
310
429
223
719
431
159
499
20
485
914
794
132
71
849
586
599
87
518
725
951
451
780
832
83
352
519
83
883
575
767
874
885
196
97
957
980
256
808
352
94
722
146
578
794
347
164
745
435
34
822
738
486
954
922
921
659
441
357
894
17
476
768
254
25
218
563
5
826
371
357
272
94
855
850
240
202
366
337
989
401
159
79
239
114
1
160
125
443
869
19
812
346
788
66
371
358
982
728
184
353
437
457
799
292
659
391
846
26
728
836
427
888
267
18
354
269
530
831
64
400
850
876
98
638
294
469
348
628
197
885
982
986
342
781
278
353
173
476
379
253
664
158
493
932
528
199
201
59
30
617
459
881
845
557
871
491
378
220
120
927
105
102
913
799
235
543
152
760
19
884
14
684
394
507
616
923
707
169
982
737
138
793
970
983
350
842
474
80
62
594
359
519
48
272
318
284
167
822
396
186
706
410
222
453
270
838
376
977
359
358
66
497
151
389
832
853
231
307
285
645
253
644
164
302
268
834
938
435
656
334
621
715
97
196
168
367
386
544
696
746
254
114
595
757
503
428
962
734
87
247
379
340
891
895
994
159
729
932
594
738
619
567
453
716
763
973
435
502
869
131
600
123
597
195
232
101
975
194
187
62
441
567
755
684
814
749
843
544
34
789
282
5
708
87
73
824
60
508
326
929
991
926
404
588
121
636
689
449
830
877
511
623
796
618
307
962
720
150
506
754
291
140
111
999
227
184
823
639
44
149
568
35
75
324
975
549
960
665
350
142
894
213
765
42
832
424
4
552
926
863
658
217
355
769
217
935
305
392
574
349
894
495
736
321
819
711
870
132
728
572
626
622
786
744
16
618
168
373
170
95
588
180
312
943
949
881
878
254
274
805
955
168
300
691
841
471
402
712
603
131
284
230
105
70
974
474
40
142
199
562
589
787
742
254
82
691
135
961
297
761
118
604
281
418
295
123
889
698
187
845
181
823
75
286
246
401
112
286
895
311
849
485
98
591
739
181
635
226
494
284
988
612
889
621
382
184
744
271
234
283
116
415
107
543
54
353
296
166
991
192
478
840
29
928
784
120
461
771
346
307
55
686
919
944
308
653
481
404
277
715
688
393
483
147
289
889
852
585
55
843
129
885
36
158
166
820
278
627
943
625
935
998
663
206
295
323
860
776
728
137
843
768
882
678
267
523
567
119
109
975
962
238
212
350
749
378
522
27
6
465
4
293
464
668
499
111
991
711
887
71
200
730
191
435
761
458
958
328
577
419
303
892
10
516
242
759
894
765
786
252
230
791
545
46
811
397
157
802
460
396
226
661
479
417
96
240
876
54
568
453
826
224
345
836
740
940
595
986
705
733
591
287
876
488
334
687
885
843
842
346
240
68
359
719
837
455
959
713
861
527
519
687
103
216
523
843
156
470
182
213
204
773
501
432
613
187
120
499
30
314
197
270
734
556
341
571
363
300
637
224
180
156
264
283
724
787
479
881
610
13
94
814
138
947
598
751
134
718
602
517
384
151
787
118
707
481
42
422
133
679
999
313
187
263
949
911
402
780
144
12
793
591
178
283
538
777
34
25
847
989
542
232
140
681
350
848
162
392
622
296
423
621
961
610
884
262
522
287
42
666
651
187
609
182
470
148
959
857
173
806
846
67
390
986
748
741
186
911
485
161
559
909
782
520
871
19
783
393
658
177
412
309
717
21
491
187
521
802
396
46
961
594
113
351
581
862
444
119
125
930
280
36
191
415
908
62
434
43
808
92
221
572
753
938
945
245
477
819
399
226
865
360
820
979
712
753
193
156
873
670
438
505
706
981
920
966
44
706
10
204
798
231
128
552
521
425
149
998
244
548
576
110
909
397
441
973
150
634
129
375
656
568
233
714
549
153
680
945
860
690
501
10
273
981
914
794
407
63
145
651
964
721
761
225
118
202
198
621
188
327
996
196
247
229
910
149
735
943
446
947
633
300
309
259
281
224
53
688
639
550
692
603
272
453
828
742
8
378
715
548
706
64
97
305
293
7
806
380
302
605
679
288
905
989
547
538
213
952
579
852
503
271
808
127
724
988
221
84
367
937
985
425
1
82
730
646
441
889
379
744
494
58
32
751
47
579
289
612
531
868
817
386
139
625
513
216
965
87
652
332
24
637
757
377
71
840
23
513
729
402
257
575
813
641
326
212
572
967
825
455
188
994
842
679
971
707
895
936
794
900
269
170
889
26
547
961
866
923
474
947
325
83
522
490
76
200
703
648
168
880
103
708
874
297
387
845
5
283
133
151
535
402
322
424
781
221
385
999
144
211
947
822
646
821
312
722
22
15
370
542
895
826
250
121
475
637
318
832
272
452
984
807
206
658
584
987
879
969
987
24
181
286
198
827
107
510
902
481
878
624
23
125
450
625
247
278
615
565
110
239
369
94
47
576
104
983
563
984
952
902
360
485
188
558
665
296
68
567
777
298
191
153
424
994
778
23
272
745
940
382
985
310
829
384
886
933
367
801
917
319
704
629
157
244
187
822
892
608
741
22
906
284
175
330
630
305
353
902
403
294
637
388
956
818
772
842
751
139
995
21
810
51
650
967
296
190
141
540
798
234
562
704
519
89
387
149
747
92
404
150
738
41
538
694
859
662
888
962
801
884
335
611
287
986
931
583
528
424
124
326
659
38
382
178
480
121
679
227
566
83
729
304
476
619
351
687
281
591
650
82
475
985
45
115
323
328
698
851
753
174
529
412
565
264
942
45
385
621
624
951
705
353
608
181
972
311
221
253
902
871
687
730
208
84
845
884
413
895
87
166
70
617
930
987
233
872
32
970
493
8
274
550
361
882
84
685
193
305
938
447
176
977
177
736
61
22
620
474
918
60
992
340
29
922
327
262
146
711
232
640
719
506
190
80
740
274
765
933
931
55
733
107
32
910
196
445
933
168
272
203
228
616
543
257
891
870
871
37
581
104
677
300
610
220
732
703
846
849
636
778
904
369
237
288
632
785
85
565
954
357
768
534
326
663
144
217
533
15
254
466
119
284
118
82
504
850
785
702
51
773
480
955
495
70
595
127
855
32
44
809
742
164
344
68
827
488
285
712
855
891
178
975
175
296
409
31
498
194
734
549
319
566
856
814
636
803
293
492
835
689
653
929
853
349
997
32
837
634
744
45
526
922
20
701
570
781
733
420
327
819
321
646
385
177
813
22
332
458
866
520
148
519
449
353
869
447
386
58
433
130
103
959
405
475
661
327
256
746
748
935
917
69
582
302
599
747
676
931
205
542
803
705
414
253
59
283
52
445
341
485
927
797
797
332
272
810
660
881
556
760
816
473
829
750
127
428
849
156
712
407
698
867
112
464
120
171
747
524
968
441
362
248
590
159
580
862
969
592
95
877
352
264
702
534
366
181
314
568
337
378
975
388
246
87
852
718
611
952
243
931
393
957
179
983
116
112
197
437
704
645
314
409
261
368
295
979
549
609
547
887
988
522
275
234
610
479
952
573
431
547
504
824
504
36
159
972
148
709
409
204
354
75
613
967
443
908
946
993
870
494
232
858
16
507
444
978
986
748
551
770
648
408
946
152
444
106
477
944
167
886
148
521
962
114
840
757
374
786
750
244
280
982
454
649
841
250
979
180
351
883
950
999
291
896
503
87
354
980
383
521
219
531
394
533
997
234
290
372
21
393
968
653
375
775
654
569
25
634
101
376
517
51
375
808
299
231
247
6
211
630
527
430
513
274
315
511
508
606
235
881
999
203
887
726
330
541
295
356
175
396
732
692
799
460
852
451
691
451
457
254
433
336
37
947
610
352
810
471
310
45
352
309
600
591
36
931
133
683
639
660
432
723
705
583
535
909
34
578
713
843
833
146
180
222
445
142
574
607
613
237
4
318
546
605
909
934
888
394
970
879
407
754
602
112
337
138
373
372
716
86
567
901
585
747
123
30
890
50
638
855
287
642
525
185
599
435
120
839
181
442
718
588
196
673
52
533
811
778
257
879
216
825
781
801
924
256
184
166
306
174
374
945
168
899
131
120
686
603
959
868
45
30
808
593
703
213
126
866
343
736
97
559
913
230
361
189
487
897
356
145
71
82
443
591
981
574
711
668
529
671
888
574
53
696
167
756
261
645
974
604
733
71
164
646
302
877
836
141
126
544
638
197
626
81
788
607
655
500
627
184
523
515
110
928
564
629
36
177
275
10
782
360
433
298
7
87
527
195
228
653
739
867
202
717
948
342
676
956
194
304
492
69
171
955
997
735
584
33
913
211
395
47
572
829
345
931
916
224
126
497
229
865
716
431
934
16
773
610
972
968
914
817
389
86
772
387
173
708
420
86
272
816
485
844
997
182
127
913
406
253
762
635
470
478
418
404
495
544
14
819
512
281
636
901
719
760
640
892
821
61
331
93
229
168
289
578
351
416
491
109
21
606
745
491
84
515
247
931
59
261
751
923
894
739
177
613
500
817
858
321
230
541
766
459
709
55
37
60
823
881
170
844
839
267
687
275
134
934
207
194
195
958
117
442
697
294
407
549
464
265
222
694
158
340
506
868
395
895
280
570
128
802
766
967
421
453
243
556
387
450
750
935
760
219
377
809
866
784
711
330
402
933
24
560
274
882
428
21
778
61
944
906
863
710
226
285
164
821
193
551
271
295
486
383
514
215
192
380
0
903
62
754
189
439
314
815
321
95
188
99
156
132
358
371
843
936
656
359
757
201
910
380
496
749
763
11
964
307
743
316
211
158
422
752
597
737
567
918
832
755
370
340
240
80
711
83
16
720
794
773
921
704
153
418
805
268
781
122
575
876
790
786
386
213
890
983
302
457
254
134
565
976
826
805
56
537
240
424
609
34
549
531
738
702
301
896
322
434
370
897
662
160
36
49
373
926
32
27
736
638
161
301
614
339
106
22
229
346
446
838
380
995
721
470
49
374
366
371
160
736
269
823
249
305
872
974
583
256
2
319
895
515
620
861
855
78
884
436
424
330
274
156
678
348
627
727
722
345
99
235
434
720
58
683
377
282
9
960
538
11
632
785
527
604
647
734
683
531
170
459
213
796
616
891
144
595
971
219
940
422
454
726
142
864
761
519
146
771
831
36
134
815
822
13
420
821
747
103
704
269
562
917
418
530
161
914
125
484
133
418
906
939
496
48
155
258
919
301
29
102
690
515
918
512
529
338
685
628
793
389
250
707
658
668
238
171
582
715
655
68
485
561
359
982
609
515
240
880
168
621
983
858
136
901
722
665
239
407
646
384
796
896
91
807
564
329
978
146
397
634
214
882
195
926
864
157
441
104
37
609
77
20
820
214
273
542
231
512
302
229
248
98
125
340
905
41
21
236
188
418
870
754
301
417
680
165
574
473
622
612
83
51
984
255
265
258
797
849
122
99
78
371
550
556
711
807
597
732
43
785
503
265
892
804
683
924
321
609
398
295
221
833
347
558
88
964
816
237
813
938
689
244
661
239
800
372
398
397
457
794
535
960
59
427
116
94
351
437
704
101
85
277
934
432
835
22
396
651
260
562
942
949
158
603
540
958
328
938
355
785
732
242
97
144
21
213
238
725
2
942
826
87
220
761
871
55
135
620
59
747
182
353
48
340
308
588
650
636
879
357
773
963
600
870
459
621
435
698
346
438
992
173
877
564
286
749
972
421
369
31
521
903
736
569
595
44
510
245
681
741
954
806
704
554
29
516
528
464
214
226
254
558
751
132
123
37
233
95
811
954
478
332
857
214
253
804
258
763
401
291
504
355
98
561
262
127
77
790
943
643
16
198
201
768
682
324
157
915
771
320
869
249
652
78
463
258
882
74
21
283
717
878
638
815
791
252
294
868
42
238
863
411
788
64
531
470
741
40
737
512
361
606
762
365
36
577
623
918
3
997
553
721
227
191
536
18
444
183
886
838
773
749
601
561
165
132
383
906
173
120
419
886
78
533
251
114
110
227
384
114
224
937
835
451
480
723
469
276
906
707
467
31
808
68
592
325
553
327
232
726
799
3
964
877
536
215
343
646
442
79
112
18
16
299
821
849
375
642
125
633
349
944
665
509
13
609
835
566
937
419
644
736
422
608
966
958
175
309
956
970
741
421
340
757
720
162
958
447
804
436
81
506
380
746
367
393
355
554
311
292
973
307
381
395
915
347
705
443
8
14
413
749
435
753
859
507
267
817
955
72
605
388
930
986
134
297
731
489
852
395
134
177
702
867
925
970
214
982
413
574
996
178
324
783
283
535
643
551
704
950
975
310
338
905
648
472
554
379
313
758
126
799
936
829
666
861
799
232
195
212
807
192
390
483
327
673
370
970
576
74
272
551
736
610
808
384
434
363
116
100
121
242
899
409
423
918
622
222
502
818
434
661
362
176
496
689
202
866
660
778
293
284
330
29
895
490
766
329
853
234
781
327
828
681
736
252
951
711
474
805
529
261
467
891
789
963
580
991
182
592
770
475
877
452
856
124
942
622
805
148
208
587
475
37
268
563
289
571
274
115
728
155
376
195
46
166
511
979
509
45
571
631
872
800
435
728
924
730
703
730
878
911
317
705
300
937
620
941
860
895
57
588
402
785
136
449
303
999
428
813
44
351
796
916
504
232
996
780
962
699
862
840
963
531
897
263
468
517
557
680
764
614
621
167
751
757
616
407
108
396
572
504
99
368
772
955
600
768
736
562
820
598
754
783
482
651
398
950
521
955
983
285
921
604
452
25
713
420
432
821
168
4
325
620
372
97
575
973
217
663
887
37
614
642
172
96
645
923
46
166
230
381
804
152
985
256
177
50
29
609
223
197
613
548
817
337
997
745
662
567
408
550
956
22
544
129
118
189
404
517
708
634
898
512
786
236
120
315
286
149
276
510
699
241
410
516
579
760
261
241
327
670
143
283
44
687
764
163
229
168
680
937
803
930
801
941
166
921
609
805
71
885
667
770
127
429
638
58
541
252
651
868
274
795
504
318
482
620
481
711
789
513
0
944
444
801
237
962
75
846
119
146
732
786
268
211
568
258
621
109
510
272
330
136
67
834
455
902
806
288
613
947
154
966
891
598
767
481
912
842
327
32
340
411
818
960
622
386
219
243
848
81
516
178
570
935
364
377
837
170
665
803
118
171
769
361
769
888
842
682
731
522
66
423
933
884
736
556
623
307
151
823
388
667
1
310
955
365
687
792
887
705
595
5
876
364
719
646
605
913
680
336
435
98
111
369
334
847
277
957
154
428
132
895
448
133
205
403
850
893
547
738
950
143
95
826
859
166
824
464
80
856
152
867
954
616
588
289
463
865
598
970
646
731
865
94
864
422
849
67
667
396
805
617
891
900
444
103
67
268
919
499
125
424
366
431
40
955
720
503
172
319
825
818
50
690
264
266
465
465
333
132
214
490
750
105
743
194
560
162
814
480
661
291
904
379
723
944
686
443
799
211
114
625
381
516
667
998
135
132
463
468
617
677
311
367
135
54
913
47
568
79
527
581
371
783
960
446
79
999
241
231
562
356
208
943
872
227
941
7
360
757
828
977
434
491
696
921
897
609
969
465
40
848
46
411
984
358
209
63
357
451
646
271
807
854
215
31
82
508
391
794
265
571
123
52
414
819
973
311
780
294
776
820
495
822
584
479
180
793
894
890
596
541
161
403
395
728
787
829
237
530
623
502
453
746
554
867
565
880
178
697
526
954
870
373
128
454
852
660
599
747
902
196
640
64
951
35
144
90
217
381
620
840
236
73
587
142
940
504
374
470
202
901
424
72
274
904
878
479
565
477
578
467
25
218
883
977
605
28
67
822
761
40
663
349
465
602
492
758
458
866
228
12
119
5
436
746
909
314
225
826
144
155
294
169
373
529
498
330
909
918
505
23
958
520
372
423
122
864
181
932
83
762
945
554
767
381
300
28
48
877
855
192
32
501
713
757
382
212
440
292
482
945
315
440
465
687
215
939
904
749
871
339
511
168
893
630
550
194
658
598
423
865
142
456
366
855
565
749
419
5
393
901
950
60
341
767
99
909
706
3
658
930
694
521
98
588
151
0
134
161
598
557
27
740
13
745
948
931
846
367
936
239
269
887
299
962
6
751
223
65
106
881
995
801
754
445
389
905
446
523
419
396
432
446
489
798
191
437
729
38
156
665
629
777
904
281
740
911
32
315
976
138
197
323
291
303
768
680
561
566
555
980
963
340
426
804
138
969
241
867
359
749
884
341
527
141
622
619
404
6
934
732
496
483
55
788
787
175
820
348
94
728
328
409
420
106
213
558
427
454
777
139
555
13
480
82
154
454
701
910
812
636
642
308
471
49
448
258
577
621
958
671
701
638
80
121
744
293
31
524
99
808
663
654
173
143
89
680
597
790
590
409
778
585
69
250
986
518
860
563
491
819
586
192
457
18
313
554
663
344
78
762
504
741
769
677
236
858
357
833
0
300
594
131
885
663
733
871
533
593
787
376
764
373
568
574
392
233
480
407
929
558
170
785
651
291
815
887
501
524
72
501
824
18
632
61
33
717
285
567
311
72
943
427
797
864
1
541
449
833
949
379
391
471
516
394
114
331
633
615
856
705
468
32
75
453
94
109
170
731
676
833
803
971
261
952
187
614
846
637
448
147
368
191
618
236
586
732
568
571
699
776
629
167
808
704
620
902
813
143
633
841
976
788
165
237
93
352
204
939
341
652
86
61
843
56
298
781
140
218
353
839
994
982
358
802
686
331
57
500
474
42
693
450
831
858
40
276
211
244
567
904
248
653
318
443
61
968
225
201
186
930
392
180
264
102
334
302
433
391
154
259
434
848
62
617
706
454
893
269
698
812
526
298
465
844
741
878
812
318
431
998
248
175
530
864
277
864
167
63
608
321
322
394
169
736
363
228
190
608
497
240
420
23
538
237
867
632
115
31
950
546
381
551
721
911
415
350
128
582
413
88
904
88
482
425
824
845
653
367
453
151
607
873
526
498
110
746
130
577
777
432
475
159
983
548
422
399
898
902
981
664
990
237
752
824
663
928
669
316
295
474
819
255
699
346
105
161
444
235
738
221
667
565
732
3
113
155
402
12
57
735
676
48
973
780
872
636
708
894
304
356
720
476
611
420
822
716
933
266
303
24
839
322
589
572
325
703
727
79
67
136
815
95
536
788
875
761
776
935
655
432
291
375
908
254
147
82
322
81
348
977
105
540
300
46
112
977
101
191
409
168
679
224
263
216
364
490
977
492
426
984
924
69
359
833
324
859
915
646
292
616
976
749
508
276
795
972
605
897
163
14
417
194
590
681
410
306
523
739
798
949
723
75
19
435
260
695
294
527
693
938
143
669
687
3
297
834
975
903
731
490
269
149
685
212
182
447
518
705
187
669
7
910
744
378
345
4
73
991
531
118
929
27
788
616
30
437
451
6
692
534
848
962
35
533
174
569
981
44
627
168
713
634
430
457
364
776
813
789
119
345
907
49
372
47
665
754
485
468
112
177
355
961
491
390
846
17
960
179
62
939
699
127
925
130
585
289
258
398
78
377
95
337
426
819
737
444
574
574
264
38
103
619
999
595
10
198
964
322
377
26
261
77
154
186
559
91
827
817
841
257
546
937
594
973
108
683
769
34
257
33
73
361
653
424
308
15
622
272
689
0
299
302
429
805
840
988
248
667
157
89
924
703
378
870
28
839
554
797
873
811
183
946
524
188
371
832
203
993
105
244
345
756
546
126
913
386
466
513
53
623
602
329
679
333
199
59
524
105
209
397
269
392
344
793
580
67
978
135
60
435
379
758
543
277
884
456
663
351
969
68
326
923
397
357
608
948
417
132
406
626
882
675
370
226
820
950
293
150
437
705
585
168
463
128
445
700
936
108
51
257
176
729
533
925
87
493
225
504
626
631
482
508
306
852
86
479
154
731
629
591
436
215
759
252
695
204
952
632
664
355
241
192
84
774
117
171
268
694
27
246
326
509
106
632
713
192
463
867
275
93
810
711
660
569
315
355
125
267
339
141
974
581
333
59
707
802
582
975
497
610
573
823
471
679
807
537
223
271
404
498
716
567
562
376
488
229
731
614
849
71
755
823
4
441
882
711
243
465
39
740
427
612
915
250
644
723
787
219
346
544
70
62
111
632
438
951
213
169
565
62
592
673
886
948
114
768
660
709
585
51
450
364
15
365
967
659
440
106
879
786
650
949
200
113
933
638
65
146
160
982
209
104
7
447
53
473
567
65
183
153
116
633
869
131
350
836
791
143
943
22
929
945
323
130
411
256
120
828
754
280
162
315
385
170
762
438
643
330
503
826
835
971
811
704
102
514
893
245
657
836
619
586
133
942
68
544
198
189
724
953
821
887
268
206
409
383
996
52
713
851
231
548
822
42
604
277
556
497
522
213
685
142
152
819
84
572
715
635
113
440
940
935
679
560
493
88
943
842
492
8
693
723
556
516
118
513
793
26
362
667
240
48
161
744
219
598
668
934
233
782
726
173
69
757
85
562
197
29
404
690
37
450
765
946
318
883
811
463
910
173
130
502
221
644
246
440
242
266
727
475
48
453
0
117
563
85
32
760
466
788
450
856
238
216
802
556
451
613
19
361
138
502
863
360
146
461
152
388
728
879
215
128
685
215
246
248
652
630
8
471
418
811
327
657
379
481
565
830
94
937
192
584
439
407
944
585
221
97
325
301
328
540
429
13
107
27
613
759
657
974
582
428
785
909
437
516
390
2
346
836
939
890
421
730
650
717
315
871
814
640
172
143
532
953
508
639
981
122
751
990
96
333
418
233
243
207
749
985
210
447
822
501
338
595
232
988
312
899
211
127
540
383
622
72
688
482
64
21
604
815
12
52
148
782
637
743
990
738
729
552
186
551
53
524
146
637
512
458
537
75
937
77
458
911
501
498
394
565
520
350
732
532
755
881
666
392
624
656
131
353
208
669
256
614
193
754
251
57
213
788
132
502
217
942
414
71
440
160
636
960
510
369
844
265
602
511
10
578
519
493
932
80
162
540
694
707
295
297
116
860
86
600
714
655
542
128
726
334
640
715
647
151
436
491
768
390
354
130
968
226
975
252
306
489
793
0
196
440
649
664
300
87
264
14
743
158
495
821
493
135
888
140
638
324
983
759
714
690
889
35
916
865
287
222
354
80
574
903
520
575
567
172
663
184
539
406
342
386
579
835
873
468
327
864
792
663
623
859
705
864
894
621
81
181
195
788
614
121
691
486
696
610
11
359
794
550
117
489
288
49
676
161
517
4
25
661
19
0
872
724
865
766
697
946
300
892
734
266
365
777
752
61
740
763
773
886
665
242
375
953
291
52
467
160
408
492
822
427
845
694
503
710
813
200
8
465
444
95
731
809
872
835
222
964
951
347
851
616
942
578
570
585
982
389
746
390
881
568
169
78
614
672
788
427
872
149
244
668
244
975
829
468
811
52
433
114
751
636
730
693
214
652
279
197
41
377
939
275
297
109
353
911
133
494
691
358
643
935
26
239
263
856
707
426
260
492
540
363
128
270
57
695
923
688
892
316
417
183
591
714
292
297
625
426
143
316
784
138
604
162
377
867
18
436
293
630
929
833
994
57
103
403
752
378
443
996
47
860
180
638
574
824
287
199
602
430
868
738
568
824
901
297
691
271
734
984
902
663
817
248
720
272
651
825
3
94
173
50
954
705
40
880
882
328
431
484
110
299
575
31
123
828
328
166
99
62
150
353
725
319
601
798
944
604
975
947
50
148
349
4
206
389
236
88
69
668
924
180
319
499
563
443
327
891
961
779
954
112
132
31
783
86
829
727
42
804
26
93
305
375
449
863
117
686
951
186
354
875
718
673
727
281
468
406
173
430
185
479
894
670
510
29
108
340
109
150
496
135
243
153
863
45
16
980
731
319
518
85
547
237
110
626
870
579
32
43
361
218
874
255
888
385
636
996
77
745
498
573
233
742
79
96
787
447
76
870
767
946
307
666
183
417
292
54
348
324
449
709
894
324
316
782
61
953
130
138
698
629
63
283
723
142
379
862
942
807
732
61
754
39
727
289
456
19
695
157
695
497
866
590
173
535
724
234
488
855
372
538
484
435
822
559
930
553
421
872
361
153
933
467
544
660
756
352
31
804
509
78
301
728
668
474
263
393
708
103
600
80
993
84
867
815
995
797
721
416
21
434
569
306
901
465
318
9
817
349
813
327
780
114
55
448
588
318
193
648
421
793
80
414
229
948
582
224
97
655
640
471
89
561
777
990
26
96
999
844
797
813
523
577
279
578
26
220
248
219
868
669
365
949
435
594
249
369
819
698
24
811
169
113
725
947
455
751
43
455
947
840
620
470
418
251
48
796
471
296
367
340
317
732
641
105
679
890
826
850
588
851
661
758
316
386
57
772
490
452
579
437
292
551
260
62
802
308
858
274
957
226
966
626
310
607
731
989
497
910
839
437
761
853
547
429
591
604
553
81
56
484
871
701
387
131
115
190
791
974
816
100
552
782
727
214
741
810
204
590
720
395
27
833
248
927
263
192
883
168
625
292
653
496
993
392
979
460
582
771
434
750
871
338
884
950
553
625
761
109
215
833
504
595
667
105
522
282
649
757
802
274
49
807
771
394
200
750
855
134
873
641
885
97
980
769
47
885
747
160
346
314
994
202
909
13
307
783
647
308
541
449
583
942
609
354
337
809
456
544
943
682
185
180
779
517
302
826
754
49
987
100
363
333
303
625
346
962
760
345
271
653
146
854
596
755
560
285
564
16
829
860
698
366
40
477
236
342
656
990
743
995
91
459
328
394
84
26
708
844
723
979
498
869
833
446
625
393
731
541
762
912
401
460
630
794
290
866
136
298
209
232
293
300
691
973
46
127
351
754
323
74
734
173
943
919
619
568
313
702
462
427
966
863
239
597
657
529
815
146
179
24
730
824
676
421
797
722
900
148
829
575
574
915
749
518
834
720
438
499
775
900
926
741
116
166
690
773
47
858
271
227
882
1
51
911
774
201
633
26
349
814
602
276
729
703
794
564
423
584
63
550
837
990
644
953
156
686
78
203
544
702
430
779
703
834
690
830
35
675
208
736
490
810
12
219
865
158
783
289
743
199
191
580
189
835
533
697
522
963
900
418
665
683
197
721
517
887
903
904
563
111
640
53
274
653
624
139
811
408
780
906
607
972
486
148
159
371
845
681
687
97
100
352
780
649
73
649
537
328
905
452
440
546
857
714
551
481
205
714
241
986
621
200
958
459
348
469
183
193
151
870
643
603
574
423
604
648
425
493
328
330
945
768
228
154
834
779
988
40
846
229
26
467
430
336
278
130
805
461
676
308
683
319
263
258
94
868
258
519
713
586
202
11
707
430
165
541
210
153
581
408
735
959
875
517
647
505
999
453
319
675
113
2
346
729
260
441
949
870
960
662
457
514
673
164
945
839
705
507
344
639
915
431
950
142
948
598
647
948
403
966
975
868
321
322
597
933
763
546
804
75
209
261
590
234
425
535
73
482
394
770
473
309
201
424
451
502
374
450
802
777
769
777
645
90
451
595
23
214
141
179
642
702
440
584
937
217
471
362
52
865
484
525
526
38
301
977
540
675
779
694
804
900
823
450
990
275
397
366
841
538
545
483
593
338
419
882
555
890
596
607
755
81
485
281
119
786
610
11
814
742
57
618
642
880
420
985
155
817
351
997
708
248
832
653
938
252
535
494
494
131
453
602
564
290
883
35
77
846
46
243
588
455
861
582
336
634
567
491
451
270
840
511
871
25
164
809
629
699
303
123
183
109
725
747
399
961
783
828
159
181
71
99
637
285
681
973
919
601
816
722
871
9
234
742
34
750
552
15
450
207
138
985
316
216
732
68
529
867
896
688
49
320
139
38
605
820
363
876
421
179
950
645
540
536
387
574
287
291
941
737
499
80
74
167
648
806
235
177
674
484
217
75
804
356
465
761
528
828
637
302
359
587
947
900
124
686
826
763
330
120
852
181
200
926
348
200
732
936
377
758
772
946
185
576
302
2
337
830
830
326
484
542
265
431
794
741
470
972
504
800
92
356
333
644
282
681
844
367
969
573
477
741
519
15
669
821
17
358
4
200
684
488
742
302
272
888
395
94
860
900
246
305
608
579
949
243
260
794
962
582
719
439
675
239
806
345
60
824
703
416
24
740
257
118
42
529
6
789
623
218
689
221
523
650
800
473
893
412
619
855
994
338
646
670
577
453
367
990
629
70
758
653
162
15
123
556
544
129
346
519
347
35
740
871
37
892
696
930
305
667
137
651
5
136
321
935
941
40
277
570
111
35
575
273
51
698
182
947
179
528
819
526
915
911
749
953
804
797
883
109
464
373
112
822
509
434
109
450
474
386
20
937
773
947
563
824
645
745
124
824
273
943
702
540
206
804
493
10
601
729
471
418
102
584
240
611
370
701
413
196
439
785
486
212
732
49
389
729
146
513
905
771
808
607
311
14
411
805
377
365
534
200
783
988
136
375
599
506
76
364
55
515
501
541
79
233
942
468
314
88
333
219
211
493
826
522
860
590
679
237
955
565
789
90
553
926
465
504
784
893
868
839
760
369
732
839
954
674
660
268
114
993
839
325
839
18
200
699
608
231
288
915
797
77
5
350
3
822
207
788
715
75
979
475
797
712
666
103
738
326
372
853
672
563
530
863
581
82
562
189
314
850
456
463
927
461
165
283
283
372
423
350
800
402
177
597
466
196
700
205
522
424
410
546
988
940
409
569
375
323
111
41
173
567
504
453
381
21
736
664
394
159
367
194
913
896
143
380
92
843
585
967
268
995
513
608
287
275
177
14
598
640
55
124
208
911
577
589
933
665
605
679
176
972
873
89
869
16
469
313
211
406
280
831
753
146
439
393
421
969
407
371
609
815
847
817
78
776
758
11
441
364
42
617
688
915
707
909
283
528
223
495
287
503
326
392
1
118
137
422
439
897
146
48
712
345
218
142
122
976
506
563
692
548
533
733
464
592
642
99
120
217
594
759
73
273
504
74
743
641
849
182
538
347
582
602
692
800
97
814
129
603
730
173
151
263
906
967
855
901
67
327
118
13
439
543
638
943
970
381
936
819
915
827
518
498
429
562
298
526
729
779
481
459
953
633
74
859
600
929
112
19
608
583
33
47
126
671
342
96
405
279
267
320
106
137
818
887
700
469
766
429
248
247
888
553
880
962
413
833
243
877
852
203
460
237
251
587
261
593
35
666
224
655
338
330
792
157
218
492
978
984
921
226
583
161
780
816
475
545
649
70
774
853
274
235
443
877
174
704
822
209
722
47
216
60
377
9
569
947
853
547
283
127
126
867
640
258
683
468
155
684
538
929
889
164
516
332
41
690
388
216
252
110
263
468
523
992
829
444
292
35
344
927
514
470
794
154
80
829
622
587
865
513
868
755
29
385
439
423
75
828
639
327
290
254
148
165
598
329
962
890
364
306
818
878
128
964
385
208
146
7
147
11
872
15
118
902
400
558
325
828
738
964
155
380
570
655
898
168
985
860
411
701
166
581
580
294
897
965
854
43
324
1
55
549
16
525
451
769
83
128
597
173
92
104
906
14
760
804
182
97
664
945
798
182
526
730
828
424
47
682
819
724
35
226
273
403
752
76
172
187
204
121
361
648
226
267
662
338
423
196
787
439
142
937
621
20
668
449
796
67
483
616
143
518
842
768
921
946
844
446
134
48
567
847
48
145
466
62
483
889
259
270
328
753
208
949
125
228
750
274
647
233
890
791
103
84
559
376
383
756
822
517
156
742
364
205
887
830
619
723
71
878
345
399
983
905
700
461
485
450
735
133
35
625
276
138
61
187
514
444
295
689
313
452
783
29
9
670
211
628
745
282
859
443
33
842
348
733
655
186
535
390
671
922
367
947
60
429
486
927
225
782
616
891
234
399
272
595
421
484
223
519
118
82
962
152
277
662
237
932
848
125
675
519
47
42
818
460
823
305
387
401
87
3
292
673
754
564
620
527
400
843
46
519
278
8
23
907
23
260
191
871
737
866
743
785
909
561
245
732
218
984
485
657
339
777
330
93
694
950
620
446
146
19
965
776
379
988
683
402
601
226
626
690
93
369
475
354
930
72
438
501
56
924
158
395
53
841
840
99
143
813
546
289
832
863
417
211
204
452
614
157
679
592
847
124
961
675
830
243
747
620
744
156
896
903
903
950
744
96
401
887
909
299
529
741
515
946
304
719
751
270
876
430
862
75
906
823
750
736
419
850
356
515
6
253
418
261
555
514
357
308
754
266
608
635
359
475
933
664
194
684
286
422
466
149
497
372
324
600
460
743
450
817
259
456
422
29
69
329
896
427
637
650
693
597
637
405
72
570
69
618
255
355
40
73
856
890
446
181
490
906
276
292
75
887
748
497
917
817
178
165
596
816
167
290
765
804
695
838
374
116
808
981
823
201
55
680
91
853
213
933
759
841
225
187
729
325
684
998
494
215
163
91
31
682
733
148
486
780
338
212
896
147
546
71
348
601
103
791
806
668
724
565
510
301
752
591
626
789
941
120
4
456
563
387
138
296
887
624
76
226
836
324
373
382
748
73
335
851
864
141
520
940
59
382
241
163
973
867
304
914
339
660
370
903
47
508
551
935
484
628
513
672
304
238
407
52
311
742
256
527
236
128
467
295
510
708
810
835
927
115
101
266
775
823
521
175
683
73
462
167
53
975
839
357
565
246
762
228
341
18
755
577
498
222
224
8
282
34
195
209
501
296
827
629
119
349
804
802
774
618
969
827
945
160
536
510
759
298
738
452
668
845
29
166
67
605
526
701
991
721
262
493
17
441
474
136
790
630
290
564
248
611
743
545
772
280
55
883
578
145
335
599
990
716
765
409
321
292
462
664
365
724
509
383
165
983
871
308
613
162
224
213
773
968
758
897
248
165
780
178
310
467
777
652
183
895
61
856
539
523
521
904
599
30
639
117
14
511
425
979
25
649
193
798
969
951
48
569
117
180
748
779
648
877
432
831
772
845
40
663
721
561
568
320
591
207
789
957
70
214
937
95
216
482
246
185
785
646
755
254
826
855
34
474
732
818
658
857
15
50
520
736
611
440
409
554
648
198
512
70
765
801
518
333
635
764
870
420
762
625
27
588
832
413
415
917
231
425
774
598
475
294
687
86
735
96
992
735
646
856
157
763
657
675
96
644
791
967
417
553
944
444
142
777
857
909
694
440
334
820
390
809
466
77
247
201
173
239
288
172
96
798
935
105
473
384
102
265
351
519
170
295
315
664
424
172
573
470
964
259
290
354
420
757
432
667
310
957
259
951
481
355
749
769
812
222
153
914
839
856
433
10
503
100
26
928
272
600
750
588
859
41
295
280
150
79
299
460
388
558
411
870
265
512
991
430
87
496
344
926
352
130
288
855
230
315
135
855
267
886
795
126
279
90
758
429
521
410
889
910
968
653
132
586
517
123
16
604
619
360
531
323
842
171
178
73
486
666
280
753
552
75
232
831
518
990
260
39
400
501
949
721
506
433
307
24
908
675
628
879
35
511
202
230
683
733
655
169
399
935
275
951
362
507
134
880
849
394
920
602
247
221
323
754
655
982
130
563
657
758
443
44
622
645
274
305
378
929
826
129
216
101
80
579
608
566
459
458
312
379
412
560
953
735
666
608
69
796
523
726
906
966
770
528
964
397
185
694
326
12
824
895
113
256
474
74
823
933
884
135
665
296
47
618
31
713
578
100
861
101
178
120
420
300
648
384
697
834
430
376
198
606
271
311
863
745
385
38
30
269
525
47
917
573
17
948
638
595
400
852
49
930
972
469
231
972
205
280
158
635
656
356
242
279
20
457
376
757
847
407
27
372
806
944
297
824
245
288
771
997
140
820
928
464
641
511
436
846
791
947
834
448
303
428
727
675
237
456
433
84
863
812
456
669
108
106
845
353
394
617
703
886
437
983
702
431
494
138
277
285
437
463
733
93
891
813
768
128
269
201
564
484
13
21
505
474
479
351
179
225
320
882
111
757
865
165
188
359
303
818
645
93
633
730
186
525
895
954
5
164
508
570
0
873
943
506
347
774
209
527
999
529
409
462
638
627
627
179
986
282
349
983
375
982
66
561
859
961
868
217
478
376
787
478
249
82
336
597
208
897
476
207
426
885
21
417
512
0
948
851
282
297
186
10
631
252
923
491
214
791
708
44
519
847
522
121
281
211
70
489
108
546
48
887
431
69
304
296
69
604
499
703
901
685
713
532
290
637
375
504
780
83
548
300
282
422
773
563
985
843
52
94
389
452
981
172
873
637
820
294
593
319
998
494
357
63
378
647
700
754
503
833
189
403
485
472
177
258
35
163
101
440
257
842
244
590
14
118
579
835
412
172
506
762
18
863
826
396
862
878
502
365
711
692
768
196
516
946
454
903
109
555
343
718
397
940
308
764
58
239
951
822
411
457
585
429
673
411
177
535
641
680
901
353
724
21
549
240
967
356
495
428
263
191
146
13
131
806
777
189
45
728
363
456
537
948
237
210
711
415
746
353
447
999
58
171
20
959
763
340
315
610
768
579
801
267
592
932
73
721
473
471
801
837
927
338
137
517
901
201
932
647
906
379
998
964
902
370
923
17
710
591
627
831
522
429
98
114
713
523
187
187
994
988
376
274
326
513
791
227
66
75
226
972
454
576
288
708
947
212
77
9
155
56
840
677
485
290
143
551
814
330
738
160
318
114
434
996
979
225
576
46
300
154
370
106
731
659
166
30
223
243
39
378
300
232
407
137
522
550
688
688
880
778
849
550
244
635
898
576
861
826
974
513
981
344
972
64
355
490
94
578
86
485
308
386
717
715
875
592
265
916
280
497
46
481
399
643
117
650
219
330
476
545
195
457
241
167
873
597
658
319
527
744
805
836
482
522
903
709
466
521
977
747
18
376
580
770
19
697
420
238
379
248
135
575
58
376
742
931
973
752
251
501
848
56
689
682
930
592
744
749
465
721
848
484
97
428
606
116
478
378
706
857
626
841
432
684
218
527
616
543
631
867
396
480
275
437
514
557
382
258
306
847
332
154
683
429
583
289
898
61
667
956
270
294
150
703
978
368
582
946
263
213
165
12
45
440
449
912
350
831
170
656
679
502
163
362
284
746
4
534
159
671
490
781
317
640
836
296
360
418
242
624
984
760
636
29
200
437
941
902
269
464
559
300
318
722
14
602
820
18
136
331
42
627
464
359
619
301
7
980
719
602
956
703
362
944
85
914
381
378
817
2
842
376
654
161
450
669
763
622
39
252
305
81
231
769
793
850
70
800
182
142
402
490
197
764
434
282
679
168
661
848
522
503
224
529
16
26
198
132
0
589
384
305
671
967
426
464
169
849
616
352
991
19
842
188
135
629
823
166
149
484
14
23
339
590
552
356
968
102
488
968
692
224
625
715
191
52
179
712
253
147
64
244
166
259
784
654
240
607
172
741
443
187
764
783
129
669
491
98
771
331
418
463
907
396
178
450
800
709
162
53
857
227
649
375
838
433
381
430
393
554
171
836
93
287
619
222
956
462
672
728
793
443
543
700
839
722
150
639
783
313
692
992
892
341
368
82
126
749
512
519
655
35
356
748
674
327
323
631
790
995
711
935
438
254
988
629
328
138
268
112
803
312
104
47
5
824
129
132
926
993
3
581
28
711
682
703
391
5
686
533
352
397
468
791
3
456
772
332
947
41
796
750
705
900
798
711
725
279
195
3
273
550
584
653
262
266
708
653
623
394
186
976
143
6
119
499
463
891
831
762
284
627
512
990
879
662
701
956
942
248
959
567
798
896
220
412
514
281
65
138
27
603
114
523
962
585
22
777
476
853
539
113
832
51
103
711
66
156
20
8
404
979
927
554
227
499
967
742
780
384
880
808
340
346
331
302
283
353
79
111
558
618
224
742
21
327
805
87
835
825
447
591
157
726
146
384
226
113
126
6
849
358
166
189
56
497
843
691
202
922
803
112
892
27
854
266
707
660
705
542
837
505
134
994
231
632
731
457
97
209
816
946
920
982
488
976
832
331
668
34
606
823
499
850
850
353
116
909
365
822
452
203
679
938
549
910
570
280
368
667
842
536
613
762
518
453
90
350
785
110
737
743
933
236
593
136
941
62
45
659
236
849
214
915
787
763
177
709
396
545
376
590
81
342
352
952
795
442
302
932
553
391
27
838
979
621
974
921
35
20
932
271
221
146
538
9
261
715
70
9
613
447
599
46
789
951
998
936
746
653
221
651
44
248
489
24
221
464
297
256
836
229
879
57
727
417
418
988
485
489
998
98
288
949
496
429
253
495
717
999
500
938
650
544
187
139
920
760
955
569
17
791
798
248
201
525
18
971
866
503
812
216
953
100
165
449
881
418
944
599
769
796
537
419
341
76
911
613
837
866
183
206
10
333
454
563
211
472
886
77
975
699
293
928
151
810
730
33
581
674
632
350
823
521
122
516
598
33
129
435
251
664
641
613
998
95
528
209
920
415
286
247
466
931
176
969
741
906
2
674
932
986
25
107
508
499
623
458
884
753
893
135
417
886
101
767
333
629
976
253
396
614
501
214
897
29
184
991
287
538
665
571
877
690
679
385
541
302
195
425
407
88
913
177
326
14
944
659
995
273
265
744
887
766
958
785
147
494
128
434
33
793
357
910
836
36
647
377
339
842
803
746
282
716
923
960
82
220
619
77
493
884
821
732
2
132
869
149
626
997
935
11
791
293
273
627
329
920
356
20
114
159
119
748
227
394
708
309
614
680
387
459
564
560
192
919
692
61
420
671
411
356
682
202
1
308
181
330
580
537
703
695
49
174
795
276
568
504
586
535
536
973
994
452
885
538
371
930
600
792
601
363
500
635
565
501
943
98
183
524
635
238
571
36
412
366
313
981
222
899
868
758
224
862
211
461
401
934
391
353
78
992
716
578
980
633
431
923
731
615
447
718
205
370
107
618
737
420
951
311
671
819
422
247
681
633
708
434
919
100
139
998
444
207
576
424
840
360
700
923
327
499
994
532
870
101
150
959
873
101
270
544
920
692
143
954
677
851
740
597
303
880
595
100
87
523
524
280
883
224
555
210
724
901
95
946
354
245
905
227
699
175
123
971
220
266
925
897
470
18
846
773
898
441
873
337
317
750
969
552
326
877
115
402
778
210
348
133
455
253
360
506
781
836
478
1
102
403
250
572
421
97
698
671
538
923
361
207
673
330
760
0
559
875
402
338
85
751
823
892
356
535
399
137
371
877
490
826
632
741
750
54
838
448
77
728
372
438
936
397
121
48
397
680
923
152
370
8
255
193
900
963
729
651
101
452
528
943
278
161
684
29
567
874
477
644
603
201
435
891
599
908
939
348
588
862
852
311
222
459
504
474
423
585
126
876
38
6
819
668
167
856
697
86
730
527
83
685
80
518
576
31
426
867
380
366
81
584
29
655
44
534
130
467
471
608
343
861
614
514
530
134
370
579
220
101
106
303
786
539
821
715
570
599
934
950
318
368
887
347
23
931
233
153
750
57
113
93
918
728
959
800
862
330
380
82
783
838
386
921
377
559
988
948
511
923
250
181
291
137
528
314
420
114
820
170
171
933
615
89
13
575
242
875
905
622
310
688
812
48
609
190
959
598
490
470
873
740
651
516
878
532
182
650
646
2
821
817
288
436
258
653
11
500
881
268
474
191
308
287
591
270
477
550
220
967
373
93
59
24
961
289
908
143
940
554
498
761
723
138
549
334
791
561
186
672
181
661
215
842
300
806
112
129
709
332
448
82
777
507
458
738
797
367
881
89
921
379
850
997
517
399
331
661
312
869
685
846
530
901
688
830
59
800
959
120
484
759
202
613
267
661
351
416
28
584
505
301
316
707
650
185
458
333
846
123
203
884
969
85
785
9
268
196
161
579
317
645
339
519
610
606
532
961
22
912
897
879
214
213
586
216
751
44
550
597
167
753
833
488
838
618
497
458
167
658
38
836
303
377
707
913
335
240
226
709
152
476
588
718
41
174
935
792
570
485
742
738
590
575
226
780
546
724
239
713
734
629
901
38
6
608
303
341
848
882
402
353
710
990
423
751
516
358
544
86
195
286
176
137
213
755
918
759
831
509
824
565
138
725
955
496
334
611
189
534
493
591
239
203
581
663
306
97
21
850
535
569
488
712
706
702
819
976
461
650
485
638
215
975
363
171
471
49
782
660
584
627
251
823
182
184
486
488
633
860
691
521
781
179
585
487
881
404
464
695
54
301
685
621
277
48
144
100
98
278
761
34
257
364
209
439
901
48
280
886
908
971
407
41
150
992
880
384
748
344
431
802
998
116
776
627
516
920
727
966
551
840
352
808
557
562
248
810
610
880
696
870
851
104
911
353
448
791
89
197
488
872
351
838
988
479
465
857
400
544
175
951
385
528
111
294
90
711
104
700
591
800
922
794
256
833
148
57
976
589
254
816
462
957
654
802
437
471
11
189
16
187
492
753
715
603
47
805
315
151
857
258
303
779
53
560
964
553
969
940
142
575
109
956
532
763
759
321
235
770
510
603
957
354
356
672
310
403
829
977
906
686
235
209
817
288
121
781
193
442
74
688
17
183
644
550
298
755
223
533
878
734
488
835
440
844
860
750
599
41
727
505
728
315
67
545
955
540
679
149
983
753
837
0
288
833
902
586
589
126
472
467
212
960
654
4
157
514
755
756
908
834
614
636
149
33
533
105
925
212
606
260
317
443
261
605
628
515
544
217
993
368
684
205
680
339
210
837
205
317
946
113
151
560
101
653
945
635
110
870
199
716
131
869
511
744
826
139
611
370
709
605
90
393
810
771
84
372
608
642
689
554
107
193
466
561
198
411
548
308
282
747
376
765
616
239
509
443
378
120
165
87
725
256
833
888
27
269
612
987
263
654
894
371
199
360
932
397
124
480
57
406
579
433
523
548
24
384
343
402
504
508
842
582
116
27
822
495
648
786
483
912
440
377
635
639
89
919
36
213
399
445
971
330
230
494
878
254
878
573
9
735
82
203
669
550
230
843
46
230
629
529
142
70
258
777
61
699
48
98
913
447
895
236
130
126
731
360
380
961
934
389
48
16
592
717
918
174
912
964
405
542
845
899
964
455
29
25
155
77
475
420
877
371
656
7
497
387
719
229
701
653
619
749
21
563
819
940
738
731
904
495
625
102
746
589
557
775
615
712
205
90
132
434
813
141
793
310
528
512
540
581
166
511
683
187
74
854
479
164
937
736
11
563
838
758
504
747
885
471
812
442
914
944
876
727
85
669
390
966
534
282
899
700
793
582
239
219
788
71
736
726
807
747
289
997
857
145
744
95
617
556
889
531
853
766
258
290
787
0
608
673
282
508
725
75
442
965
647
231
388
383
309
195
482
950
544
340
95
288
787
712
197
676
595
402
794
854
692
934
854
653
607
489
513
333
564
955
650
563
538
38
946
847
585
429
149
129
121
245
769
908
957
318
936
553
720
731
759
765
665
965
418
624
454
931
957
371
886
959
934
777
997
881
976
934
662
126
63
783
723
185
43
680
503
979
585
224
710
696
989
727
14
759
704
820
690
13
191
928
973
478
705
970
711
34
905
373
512
320
508
235
857
551
267
361
530
205
937
593
901
278
672
267
37
376
88
727
742
279
655
715
757
713
685
468
99
942
193
611
615
701
846
472
604
113
185
135
318
122
80
572
400
104
839
437
833
927
516
575
559
524
290
316
237
327
137
336
622
682
947
237
384
145
61
340
610
247
475
929
369
907
501
122
12
692
911
197
620
428
772
179
952
62
847
541
741
336
229
363
19
528
952
755
673
14
95
283
613
923
564
334
830
417
456
194
110
720
391
82
500
515
261
804
929
460
345
671
797
574
386
168
454
339
923
127
705
370
762
318
293
327
4
476
744
461
22
854
533
766
288
33
281
549
837
211
362
534
234
511
460
620
679
914
311
954
41
16
324
155
686
970
482
691
446
227
504
820
433
37
586
722
422
220
623
259
431
985
145
17
496
605
637
527
519
949
481
912
317
806
67
356
128
550
399
926
129
255
746
914
644
685
636
66
905
612
677
336
949
822
353
798
427
342
325
298
643
159
210
313
317
277
669
445
179
420
371
308
675
469
575
671
154
211
89
59
175
766
747
125
940
452
275
719
795
600
17
790
111
227
103
428
856
772
873
388
544
244
48
571
714
623
242
220
187
331
280
362
449
379
839
741
832
114
460
979
67
477
769
178
56
873
607
265
997
832
653
542
429
701
465
143
677
708
715
864
391
995
578
193
375
418
934
559
884
395
538
951
224
307
482
281
532
441
546
530
273
551
424
702
604
889
197
281
949
913
145
693
260
724
886
987
494
820
546
378
567
436
682
792
96
516
73
628
957
971
510
230
522
286
285
478
176
482
760
477
747
257
170
360
333
56
347
827
229
246
558
796
682
240
588
778
756
13
759
65
336
269
295
858
908
932
689
84
767
449
913
514
58
436
226
392
492
574
571
73
172
129
222
854
721
162
985
477
176
96
542
512
717
190
723
625
474
764
61
241
213
975
108
271
411
334
15
255
908
587
681
432
68
903
287
790
417
624
619
593
720
514
458
437
704
533
415
178
297
476
772
862
451
880
485
214
214
853
822
475
792
503
907
860
758
546
2
175
522
622
121
594
136
931
32
192
816
799
722
465
275
494
327
79
726
164
293
293
17
467
120
809
970
27
22
80
926
24
256
448
646
377
43
134
308
427
326
476
226
49
941
853
895
268
932
622
784
578
915
154
45
35
315
368
414
337
448
692
714
704
493
360
433
888
847
741
667
173
217
893
574
510
98
470
130
31
444
915
609
711
69
654
746
384
22
512
74
471
557
788
527
50
500
961
938
699
54
605
873
624
850
799
134
948
269
265
331
65
180
940
776
601
947
874
337
321
387
763
144
296
903
24
346
404
985
636
103
39
241
328
15
443
128
150
743
749
767
75
167
947
367
943
900
666
818
589
340
557
353
484
853
256
508
551
12
845
187
468
237
780
148
252
223
628
754
318
378
521
745
545
820
113
840
720
131
658
310
471
567
15
308
772
271
168
323
636
14
510
104
251
642
252
855
865
881
610
536
611
131
281
508
952
746
348
24
878
359
334
349
926
701
657
51
973
826
374
609
192
237
65
795
879
669
650
97
902
260
633
865
744
266
373
48
13
74
72
891
433
407
240
711
108
250
762
433
428
489
394
620
726
811
415
957
481
417
54
735
30
39
601
774
306
326
822
319
400
894
562
833
653
802
897
114
404
11
899
832
500
294
452
578
457
219
888
290
637
294
26
667
334
979
441
992
305
615
663
706
861
225
891
515
379
140
981
784
152
880
616
4
526
421
935
984
640
823
626
277
117
652
944
803
983
737
795
289
704
458
995
566
683
238
81
63
379
414
847
883
294
815
887
173
236
174
509
877
997
135
154
467
140
451
270
123
540
66
412
245
524
759
811
208
350
244
623
729
658
470
964
952
637
203
477
874
378
986
751
375
122
257
842
262
60
113
385
601
531
150
198
55
909
9
615
259
253
238
340
263
60
304
567
698
508
45
572
238
31
675
613
153
284
808
767
345
273
505
298
804
655
496
211
916
505
827
528
110
417
868
373
830
525
940
528
385
985
452
623
369
479
588
874
763
396
642
460
21
147
758
825
154
254
37
70
111
216
950
221
633
819
946
815
696
239
695
81
224
147
56
945
978
644
820
94
393
462
554
414
961
313
592
115
567
981
537
679
197
840
252
182
11
199
998
707
438
693
140
14
193
548
960
171
192
780
617
937
594
172
352
555
485
296
22
52
277
911
83
826
751
688
8
114
887
358
821
677
404
313
43
597
861
355
120
406
135
738
343
81
910
47
988
747
343
10
151
972
274
235
798
377
923
159
492
162
517
665
191
921
979
234
870
192
590
991
598
77
81
942
159
343
341
499
90
685
862
241
657
136
476
808
865
751
967
709
265
484
375
456
758
706
43
628
250
985
971
849
414
52
143
925
395
484
425
837
521
287
79
531
775
907
691
640
11
658
702
276
494
429
85
252
487
480
233
737
465
556
586
879
609
81
805
356
918
230
194
791
869
273
674
644
532
365
636
543
23
338
820
870
767
257
474
254
737
707
992
202
264
930
433
225
364
238
933
282
820
479
425
689
104
100
333
637
465
322
180
841
660
352
711
780
609
185
386
698
245
378
252
861
661
686
86
377
276
371
659
449
851
436
490
955
536
824
944
354
146
125
195
158
829
258
938
439
795
325
489
40
55
742
901
68
780
339
445
408
63
456
857
914
893
348
221
781
524
166
135
22
643
682
180
472
940
471
263
736
148
753
128
555
847
382
624
627
73
421
35
136
878
245
402
123
593
624
256
469
142
392
491
785
426
23
257
719
846
873
807
994
626
935
902
473
669
526
452
743
299
839
879
529
84
282
4
677
258
261
146
400
5
989
537
431
13
146
502
859
19
309
206
645
597
108
470
266
986
274
9
285
114
241
167
198
523
171
228
133
432
726
885
437
716
422
221
81
568
75
940
588
385
498
585
982
606
408
600
592
682
610
230
148
203
397
347
78
568
927
211
353
653
96
142
721
518
715
802
438
791
95
26
176
593
964
510
552
724
110
144
406
72
726
907
275
123
606
353
44
533
916
749
538
12
891
260
882
607
414
321
398
861
699
926
455
15
436
7
739
898
503
498
971
582
405
598
57
11
304
101
544
220
850
434
585
742
46
467
701
461
140
99
322
840
377
129
855
813
488
595
63
344
445
386
926
850
985
983
861
641
437
757
213
639
191
798
733
238
618
434
51
758
885
725
950
262
207
158
427
695
105
491
391
550
877
669
400
214
653
613
855
442
370
69
81
913
219
815
503
837
249
906
948
487
632
898
749
839
56
529
886
161
20
630
711
249
299
463
816
304
76
671
746
798
92
180
64
664
995
919
501
596
826
801
435
458
700
537
649
108
66
887
270
438
517
333
687
169
797
503
473
225
527
572
376
971
752
440
987
99
359
489
695
537
642
131
995
342
668
996
451
86
236
73
524
753
406
563
922
555
419
748
133
946
320
509
269
72
301
257
171
12
98
218
550
740
701
897
435
721
894
886
807
130
311
331
235
717
247
510
625
666
258
758
612
578
619
233
2
272
490
525
284
940
743
834
681
797
732
468
518
978
354
326
460
665
9
695
734
256
205
711
922
815
821
886
745
792
120
747
64
962
624
349
903
368
535
936
517
267
404
35
597
110
361
57
127
371
105
861
627
310
925
550
478
746
436
223
539
908
971
955
871
947
304
774
667
840
62
184
459
466
220
409
576
581
466
703
304
923
916
932
586
193
834
64
292
622
287
183
531
610
138
402
558
443
528
225
635
590
410
446
56
630
855
984
563
674
39
868
597
307
800
183
853
986
247
145
608
887
328
139
497
466
541
55
261
69
633
896
11
43
343
419
25
550
403
588
224
794
808
174
454
960
709
307
946
957
452
555
844
780
694
693
598
588
101
860
9
734
108
21
129
451
440
154
354
196
94
930
342
903
104
796
863
166
455
162
123
907
717
319
39
763
12
990
351
113
850
713
199
958
734
328
762
526
482
468
74
929
398
769
184
855
565
47
21
373
209
496
632
278
167
672
42
531
14
745
997
216
458
196
174
544
525
288
423
359
756
497
640
507
266
824
714
184
872
87
557
433
583
189
64
750
213
106
281
579
203
278
795
14
827
322
558
352
610
981
63
719
831
704
578
449
528
292
985
752
379
894
538
314
436
602
416
1
60
49
581
263
680
376
277
507
698
188
211
661
521
274
732
352
330
310
154
859
954
139
963
685
386
501
999
822
455
767
823
867
816
756
483
496
133
112
355
183
300
566
844
822
193
928
526
523
238
32
734
544
524
698
229
910
551
580
732
7
347
907
226
516
664
709
12
149
822
720
332
122
638
529
296
831
457
175
355
48
207
89
592
731
139
174
993
691
754
77
50
102
985
276
618
1
338
982
150
160
54
834
282
693
715
931
524
525
106
231
573
665
673
517
397
812
691
390
855
798
820
257
900
805
886
870
158
224
204
308
384
259
494
18
952
210
949
828
87
407
60
660
73
733
529
822
897
573
212
753
371
384
10
623
189
896
493
347
472
49
7
856
308
854
227
612
416
176
441
503
936
853
515
9
586
44
831
835
969
395
588
340
780
951
963
321
199
808
21
672
858
380
880
518
234
107
483
650
636
276
153
572
129
668
581
67
65
412
902
34
159
491
727
939
794
690
261
993
851
282
17
61
662
898
579
249
5
414
899
641
690
405
213
819
73
146
886
490
910
789
877
70
632
604
9
426
646
622
771
497
904
789
558
919
687
490
168
44
256
419
38
947
824
603
766
250
750
5
740
660
146
617
82
130
573
92
908
220
66
679
717
323
468
628
242
507
470
762
904
726
181
942
673
6
545
792
608
647
149
700
660
295
318
742
425
243
186
333
463
253
364
181
928
185
161
170
692
631
284
596
357
465
890
383
823
788
527
431
435
676
484
447
323
154
542
748
397
80
433
861
685
149
42
613
334
555
783
379
186
67
327
895
885
218
630
60
6
157
844
793
833
328
593
156
482
135
256
879
215
41
740
901
191
134
514
877
689
650
256
227
69
584
123
954
154
753
367
512
911
211
305
96
539
898
253
21
385
861
900
601
903
641
854
446
775
368
323
817
370
580
44
440
516
167
746
670
273
113
534
536
324
839
632
863
90
237
236
827
99
137
780
354
130
634
800
257
355
475
74
725
407
119
517
275
638
264
945
263
729
831
799
406
23
784
269
465
21
858
292
472
995
73
178
125
707
978
382
414
806
457
140
213
928
9
489
566
273
786
830
355
618
981
761
641
765
382
106
139
240
750
611
587
823
790
712
883
120
447
297
278
256
789
492
184
799
333
102
424
471
284
779
89
266
892
82
383
275
540
522
867
291
486
455
466
628
519
349
100
966
647
379
222
788
223
758
587
556
861
12
27
497
143
469
115
36
903
499
311
796
373
530
87
859
985
905
487
505
255
940
471
254
319
46
42
542
804
982
450
17
994
829
867
137
650
982
173
554
833
836
702
207
367
141
66
704
46
906
209
301
846
33
907
517
79
302
59
235
284
861
605
278
690
472
767
341
806
293
247
640
481
949
847
848
442
265
905
488
523
114
142
369
499
49
238
930
351
297
518
987
510
123
265
201
947
385
894
753
678
493
745
159
794
592
360
236
210
265
76
733
731
218
455
231
268
693
161
971
343
679
959
853
154
576
406
101
313
652
207
991
497
952
503
291
897
215
879
107
480
956
840
563
174
295
794
794
989
308
118
332
339
429
537
846
5
944
947
671
596
506
662
446
811
517
89
708
732
969
815
564
277
7
480
803
303
274
950
644
934
68
328
626
849
865
472
854
809
771
877
758
278
540
204
89
409
293
149
494
614
964
410
243
971
890
399
626
517
349
270
451
769
598
429
618
464
901
824
625
673
702
735
303
594
291
744
355
937
893
849
903
209
260
147
180
150
546
807
667
247
429
471
368
28
900
986
844
802
162
821
827
864
557
130
810
848
874
166
137
119
15
41
328
627
188
860
778
86
19
797
333
449
268
53
829
521
39
25
323
553
846
502
418
755
632
580
956
858
746
93
329
114
134
657
741
674
517
871
760
537
669
445
986
289
498
167
810
889
192
485
443
390
987
213
146
971
793
102
181
892
547
510
6
34
519
99
708
37
971
821
926
992
618
912
633
469
431
444
710
975
929
153
365
269
718
511
592
864
965
774
756
865
636
114
899
156
565
607
545
888
780
471
880
399
735
514
868
166
310
930
141
591
84
506
860
154
370
805
18
687
931
126
552
567
240
803
75
158
763
620
46
543
443
927
294
178
793
514
696
103
445
837
46
529
696
259
35
418
64
54
457
995
180
362
914
773
165
990
931
928
962
977
824
406
256
118
936
49
633
633
504
78
822
903
959
518
162
994
288
226
400
746
573
581
108
487
354
273
829
637
554
144
614
378
902
223
496
838
272
481
471
129
559
294
384
870
164
546
217
453
124
617
551
697
198
659
536
904
284
718
541
190
214
508
568
116
731
417
954
355
898
778
836
810
72
220
32
588
118
249
41
242
867
592
291
417
603
180
322
240
898
215
430
112
75
351
580
806
120
534
514
18
312
350
180
736
571
213
325
689
814
366
284
681
311
575
99
266
755
773
858
5
340
289
469
416
992
49
222
112
936
736
482
248
439
15
985
362
580
662
403
394
28
687
76
691
615
527
310
722
300
168
728
640
809
549
56
153
599
631
265
535
719
100
135
158
467
472
520
47
134
924
441
515
963
869
558
578
396
868
301
48
389
29
689
198
930
97
352
881
80
969
768
800
421
904
310
888
728
831
935
863
107
729
378
70
598
288
1
347
157
302
395
546
683
436
96
613
886
448
495
966
770
263
118
191
519
429
432
248
612
719
463
71
448
841
493
399
481
494
746
638
796
493
536
831
282
633
445
168
433
292
486
555
907
605
99
427
386
531
27
350
250
490
773
51
683
266
802
164
113
900
803
909
393
691
93
675
324
538
195
110
182
682
665
89
639
764
868
377
295
895
79
898
385
852
301
68
118
103
233
231
355
388
493
100
79
586
128
756
476
323
866
10
357
531
99
996
296
320
725
943
215
804
193
601
656
494
21
127
949
606
710
304
346
555
405
426
493
533
534
969
208
400
979
566
283
431
914
931
751
640
875
318
444
68
271
453
915
293
580
216
251
290
521
598
846
278
376
339
163
910
661
371
662
992
289
945
775
204
229
526
844
456
845
640
876
468
93
791
761
25
8
13
316
881
963
514
511
339
205
674
601
218
397
263
211
687
560
986
243
789
865
439
245
62
79
474
530
525
265
644
550
625
9
218
858
972
732
369
311
290
43
912
508
441
527
719
480
87
58
723
229
275
514
826
337
593
300
219
470
918
863
21
543
872
591
402
196
324
123
507
966
167
771
474
960
298
546
792
738
956
515
319
231
381
145
920
974
798
139
797
68
355
818
963
579
409
365
776
85
841
283
403
8
407
878
320
705
776
112
795
732
979
114
963
360
612
235
686
762
374
483
830
81
653
793
661
415
511
437
852
352
72
256
712
479
134
32
537
910
144
684
994
475
799
309
835
763
544
873
525
270
357
707
352
362
500
13
777
11
802
630
715
874
886
427
706
372
459
595
634
955
279
628
430
430
937
617
545
833
843
70
103
200
777
455
562
630
820
692
993
622
322
709
849
560
136
555
932
596
150
566
551
781
546
334
212
483
303
757
316
146
180
771
698
309
227
613
939
47
305
933
22
979
642
871
539
130
426
471
726
928
389
630
61
935
316
273
770
619
383
438
766
915
209
816
576
788
429
868
836
734
801
858
713
795
81
604
925
507
75
4
787
816
634
848
751
302
474
873
921
209
311
39
124
873
856
700
661
285
568
849
372
721
59
437
868
140
42
146
647
469
150
786
286
136
635
37
438
461
263
711
670
574
751
146
447
959
846
461
596
767
310
968
840
370
406
709
510
448
207
510
917
357
296
555
845
283
945
635
744
208
346
766
782
449
912
582
408
111
43
5
878
353
325
718
75
731
779
586
531
986
448
801
695
96
356
540
732
653
527
828
861
226
595
996
675
507
930
436
618
973
793
848
678
118
919
106
202
698
44
85
685
492
238
732
588
947
273
320
600
152
149
462
378
96
810
406
603
740
842
574
65
987
422
95
457
693
201
11
392
245
97
429
89
687
161
678
634
786
350
235
939
851
49
317
947
211
75
903
951
269
477
368
256
251
463
714
945
17
77
689
614
526
118
704
214
279
382
848
66
84
435
357
936
836
26
235
47
102
138
350
371
967
70
628
571
886
694
516
903
771
557
517
650
675
221
864
306
955
64
372
392
500
729
680
688
108
915
88
210
54
438
581
373
861
561
944
747
255
812
650
379
369
519
29
44
741
245
351
48
309
75
440
809
157
120
850
265
388
938
475
794
728
408
167
589
970
112
336
577
924
986
308
294
858
689
338
951
934
41
999
244
469
792
405
626
264
255
243
652
193
70
798
922
478
966
511
448
78
200
378
2
186
686
648
396
376
339
347
662
380
347
906
849
491
664
827
107
919
70
112
465
140
910
739
971
876
250
771
954
450
149
309
989
188
957
385
916
296
85
578
29
432
837
878
275
501
58
382
420
480
494
237
973
757
976
944
633
579
715
940
381
217
249
722
405
206
460
673
855
545
251
884
329
88
114
604
589
172
338
362
5
185
951
978
942
928
274
927
859
341
867
240
558
116
963
315
675
775
988
882
320
592
766
649
680
880
605
622
405
295
336
410
480
287
740
774
567
14
702
426
707
569
19
618
38
334
933
65
109
274
947
781
866
713
782
898
945
387
872
350
682
208
112
515
848
852
289
767
218
991
546
926
913
917
544
951
251
829
16
712
103
315
493
321
28
627
220
973
14
444
676
48
653
788
563
853
993
205
972
563
196
518
489
109
435
385
412
38
567
780
750
22
95
595
344
123
222
916
449
588
360
477
989
365
617
904
570
962
109
543
526
658
413
367
119
201
105
532
239
672
312
342
694
408
289
38
883
864
306
684
452
667
161
793
384
779
698
955
741
807
850
267
817
263
987
937
464
92
821
56
764
485
750
458
893
39
849
129
255
155
813
708
174
975
501
559
754
551
866
847
711
716
467
528
331
454
817
796
546
638
204
310
124
954
120
369
345
969
498
601
125
312
661
651
639
514
210
745
66
428
592
777
144
59
657
476
865
475
624
411
465
180
73
941
134
546
311
831
515
161
784
992
473
445
996
464
312
206
209
378
987
802
507
131
213
516
959
79
991
583
842
809
115
268
750
249
814
413
433
681
575
217
26
400
15
22
865
327
580
74
57
567
228
916
51
442
432
362
873
776
946
715
585
61
335
687
663
501
101
448
535
28
665
561
428
32
935
645
359
867
720
768
787
300
684
190
742
117
552
615
893
850
683
830
264
370
517
279
872
618
727
407
646
744
320
427
777
607
72
488
826
144
257
965
445
941
155
187
58
708
155
303
558
190
133
174
912
651
453
784
621
180
543
268
277
215
47
54
174
119
894
1
264
151
966
709
445
474
248
855
182
755
159
92
297
644
267
210
295
72
346
269
605
242
889
882
457
936
288
984
55
182
337
671
334
655
732
779
129
333
634
663
88
145
108
738
790
375
948
437
799
294
706
404
888
595
286
698
531
574
682
939
757
19
610
443
26
343
574
156
676
208
819
116
706
927
854
496
654
154
933
806
801
640
210
689
235
497
387
119
423
421
58
532
440
668
975
819
363
549
975
391
110
146
508
816
426
714
664
432
869
597
238
22
589
449
711
825
298
451
944
721
872
354
254
665
22
581
484
738
131
459
129
593
957
989
409
735
56
73
168
277
22
758
299
612
207
10
789
857
461
85
931
334
439
185
999
813
118
835
551
249
294
33
194
603
374
955
339
430
380
859
707
403
617
358
15
177
369
156
34
182
241
965
868
680
502
219
493
621
54
397
222
700
430
417
304
156
372
995
587
753
854
646
508
471
357
523
648
726
679
35
260
272
0
129
952
503
348
445
124
755
194
698
455
976
115
111
133
