197
423
967
785
548
228
607
393
981
392
531
506
546
882
667
87
203
599
117
544
767
658
984
124
394
471
548
554
745
399
74
295
822
393
80
371
621
39
116
954
431
648
812
330
530
480
417
733
431
886
629
198
545
965
322
939
436
222
845
534
621
271
829
444
664
909
167
637
949
283
591
732
283
404
62
165
236
479
898
667
366
879
217
263
844
891
554
633
465
399
167
87
671
348
883
335
257
402
973
558
685
916
291
321
320
705
486
908
185
737
927
903
616
496
166
813
387
720
446
853
471
965
292
142
313
527
830
922
929
155
833
966
423
476
287
96
181
774
4
718
511
284
621
479
780
787
644
168
859
442
373
683
407
17
177
72
544
359
995
473
866
180
791
290
656
79
386
189
205
742
908
68
26
529
547
807
669
192
327
880
634
52
563
394
69
93
466
613
452
813
438
319
993
229
609
1
660
347
191
865
89
99
933
468
980
833
627
649
25
954
882
11
6
445
757
427
890
224
40
343
389
830
662
383
411
623
384
72
970
575
937
411
26
223
231
7
56
858
656
433
812
890
796
170
688
554
597
578
130
989
921
519
171
583
902
583
558
639
655
880
566
944
644
593
519
875
600
927
734
608
712
898
499
509
421
187
415
18
765
545
360
39
416
531
974
671
466
533
310
473
413
228
770
57
821
289
285
773
569
19
382
281
269
233
142
690
420
557
61
537
454
421
576
871
304
551
542
123
436
204
596
849
432
718
259
606
8
896
379
577
915
761
210
536
994
353
227
766
262
288
656
69
61
232
940
717
135
834
192
571
390
789
773
822
507
384
780
867
280
160
796
547
921
359
83
268
712
662
386
326
302
42
395
715
627
687
433
114
873
977
38
263
766
811
438
626
547
218
845
179
378
994
726
652
353
161
920
417
176
658
743
478
701
139
194
680
826
979
794
700
956
832
315
75
995
753
53
542
972
250
721
702
244
799
354
597
313
626
14
489
285
758
319
338
249
865
18
427
844
812
127
153
997
443
580
992
548
633
535
872
235
608
575
480
760
281
77
73
260
444
914
897
554
233
235
803
99
605
230
295
769
710
800
766
505
380
759
53
365
646
926
601
606
853
81
366
134
510
439
746
306
353
643
860
939
878
663
38
835
246
333
605
956
134
723
813
866
482
866
584
480
144
185
87
997
618
453
484
480
245
230
787
950
226
647
889
104
663
279
292
261
613
897
217
99
620
30
317
455
248
901
935
745
438
374
742
56
180
578
889
777
161
676
727
387
675
969
843
690
248
135
951
861
384
520
312
357
902
630
812
151
883
99
896
322
826
990
730
6
921
619
783
434
647
862
173
323
831
16
365
80
504
317
293
240
837
606
597
740
588
761
243
823
213
491
145
39
833
876
397
754
847
180
188
847
42
361
170
874
730
887
306
586
204
599
178
394
557
128
134
145
241
729
969
454
220
466
845
53
694
242
160
542
422
700
389
817
414
911
43
144
150
349
82
355
948
612
749
506
740
235
3
982
964
324
788
536
791
986
941
837
228
101
731
3
802
120
820
216
383
215
712
886
564
146
241
512
758
342
370
851
577
374
185
893
50
325
781
841
311
722
679
540
824
410
543
978
883
715
194
618
930
258
504
846
404
97
358
514
439
81
365
368
455
902
613
505
228
394
699
539
469
730
79
293
492
974
623
727
41
169
698
323
427
554
169
183
652
880
697
443
961
415
812
768
317
777
625
545
172
324
85
641
406
516
286
251
491
261
978
884
430
676
208
857
231
377
40
235
257
89
678
218
504
842
338
822
620
964
367
144
640
804
137
47
321
775
298
164
36
628
48
466
305
256
675
888
634
67
123
243
156
801
814
661
644
152
483
616
116
202
760
757
7
897
156
680
24
806
844
60
434
892
878
739
149
553
979
135
972
102
378
128
256
544
141
252
697
976
868
165
179
628
922
538
877
430
218
901
236
62
313
671
954
191
762
455
96
742
942
68
844
673
548
100
217
690
704
914
666
572
432
197
552
354
735
429
137
953
682
373
367
347
44
322
538
807
129
986
901
72
406
745
745
955
198
962
997
902
229
15
827
661
213
379
367
300
161
504
606
195
230
973
543
274
647
81
433
777
420
334
849
826
432
946
133
982
260
482
236
489
498
63
502
63
795
222
363
956
726
969
151
956
295
694
583
942
128
368
719
900
703
920
726
487
218
212
469
479
694
705
968
544
121
823
607
916
45
323
224
123
644
727
432
939
774
15
882
902
383
953
802
438
226
880
925
444
92
746
275
139
804
596
683
925
419
643
193
464
318
769
939
962
496
371
254
270
386
488
524
122
441
326
560
19
559
838
816
3
584
91
142
388
687
178
665
106
821
210
922
139
979
862
453
476
233
707
98
972
195
623
94
989
949
6
8
860
196
824
864
781
268
6
521
955
184
539
414
357
749
688
496
81
902
302
909
488
9
7
460
205
630
906
194
932
264
554
792
461
731
656
594
999
15
467
306
199
6
72
909
108
761
757
541
15
59
450
503
69
457
315
626
88
221
820
20
838
374
164
651
105
173
245
456
188
64
763
739
423
835
648
883
948
406
424
964
817
874
467
886
331
783
512
771
356
684
143
546
411
660
197
516
833
794
325
21
859
88
760
282
275
761
165
224
519
941
540
336
815
359
223
498
494
87
622
203
772
117
749
183
777
947
51
610
741
376
631
952
816
744
586
444
505
103
668
376
44
560
712
859
919
935
710
766
375
684
969
499
801
718
682
579
17
85
541
111
814
173
63
630
269
650
74
126
753
94
502
798
6
214
9
278
502
71
44
877
755
13
376
557
83
410
488
101
847
29
212
661
554
275
644
823
277
718
949
31
165
803
181
523
18
542
801
872
614
845
101
369
858
829
278
294
239
766
395
438
148
959
100
702
234
744
526
864
814
827
895
331
983
428
855
353
970
656
225
584
502
678
306
712
507
936
6
98
703
753
536
203
712
636
905
299
732
783
163
547
963
410
878
946
838
733
299
160
742
876
97
596
554
403
308
413
691
667
511
746
420
47
949
133
36
855
784
768
638
947
667
601
709
546
899
899
631
550
59
373
426
156
969
332
911
630
745
603
649
256
349
69
656
299
554
44
506
338
164
144
637
832
98
346
378
349
245
361
900
657
87
326
165
408
11
77
390
756
32
39
13
381
461
21
32
15
65
538
706
229
35
695
61
485
394
791
834
639
505
86
648
592
765
814
352
776
243
743
532
275
782
897
8
595
918
41
611
335
931
669
565
318
364
978
803
758
122
990
750
627
428
750
571
193
564
275
969
807
18
854
434
153
751
443
748
22
836
711
357
767
380
274
86
97
605
241
207
727
583
309
706
12
60
629
205
624
904
527
784
275
381
218
428
484
13
528
506
849
592
216
969
324
490
55
421
95
648
981
174
232
290
880
244
350
509
449
327
766
328
111
41
61
681
821
898
47
701
404
896
293
972
865
618
815
272
391
910
921
372
437
153
663
317
749
365
179
550
692
297
879
155
338
292
189
511
190
236
212
947
484
506
919
702
476
734
326
867
997
247
592
434
752
607
103
853
972
634
404
17
931
635
524
621
927
713
132
118
949
345
65
786
203
984
488
31
71
814
250
68
414
842
502
518
801
957
372
126
592
776
143
875
411
667
497
690
733
629
808
34
326
873
820
881
210
308
912
281
475
163
701
889
357
203
407
159
512
131
637
104
259
132
980
22
151
829
713
884
458
521
919
137
747
91
18
309
400
283
590
227
446
291
116
155
846
875
666
710
359
303
815
618
787
147
641
939
976
354
175
786
227
446
275
974
538
294
283
290
929
225
517
375
868
633
882
66
860
549
777
219
204
944
838
992
443
831
283
771
185
458
909
764
905
185
739
443
831
374
85
760
952
602
487
820
587
369
239
447
270
368
19
475
312
209
819
107
40
102
878
577
560
787
341
817
324
432
612
155
159
697
267
111
299
106
283
886
476
874
686
98
242
705
925
906
266
744
13
306
846
243
235
759
383
928
576
707
361
189
215
872
238
482
335
890
589
970
776
417
845
814
867
439
871
793
346
137
537
711
795
384
955
30
495
338
959
71
45
672
612
260
544
203
95
231
93
36
201
221
805
46
36
672
838
259
465
184
397
355
895
544
91
850
575
586
540
886
9
586
558
622
198
454
177
645
685
270
33
886
491
838
285
879
863
123
139
680
659
536
35
906
80
126
109
7
712
649
893
722
587
803
696
138
609
873
783
294
495
817
533
986
7
170
866
870
645
5
551
304
893
938
562
325
65
671
333
129
673
578
203
612
734
899
750
343
124
886
638
619
55
523
958
62
693
176
285
690
181
188
346
426
126
908
751
191
932
436
673
957
367
876
569
101
128
320
444
252
558
434
224
613
309
534
675
2
710
312
44
243
500
390
669
627
299
772
170
583
209
843
540
928
720
109
29
848
781
825
452
339
260
28
952
569
562
980
924
624
292
968
867
793
359
536
772
10
661
942
593
222
786
485
150
858
946
179
58
728
356
510
419
616
891
724
538
805
704
814
430
348
134
297
493
493
186
265
855
199
560
800
421
698
285
571
556
584
102
966
312
458
476
83
427
719
807
317
525
863
131
307
564
265
956
57
111
142
675
966
693
587
119
114
285
756
37
193
340
139
159
4
950
987
88
729
59
247
46
584
463
529
243
27
794
199
436
905
694
463
224
387
50
695
854
687
451
891
880
144
383
391
148
685
379
588
414
438
188
812
374
651
341
617
30
135
168
466
393
214
930
969
954
332
16
808
20
819
699
900
963
82
292
464
767
23
52
533
461
592
345
187
243
686
156
625
174
676
92
919
891
374
240
845
706
256
653
726
75
704
979
391
139
271
855
906
646
259
792
459
852
137
646
447
176
802
73
702
830
517
621
721
891
213
918
597
469
571
676
896
628
655
287
767
278
142
25
924
402
817
383
606
307
381
53
835
535
478
537
365
995
510
87
886
723
5
836
544
929
864
440
557
519
80
676
149
222
701
73
976
871
808
934
178
189
340
365
724
818
902
441
814
764
528
52
487
886
240
31
167
104
823
76
623
903
752
124
478
805
197
806
676
357
741
206
898
81
571
974
899
825
416
65
589
944
470
76
182
710
459
349
815
635
425
790
538
529
915
368
335
464
175
11
174
916
218
72
997
141
47
248
967
463
666
556
759
136
985
294
198
796
643
365
431
421
508
322
950
775
690
285
239
865
297
413
133
867
838
482
8
885
731
975
700
749
884
811
885
869
105
435
665
749
801
449
170
309
771
472
84
813
758
675
31
407
441
164
274
279
647
634
516
730
610
216
831
494
27
68
715
133
503
732
234
304
181
756
965
304
228
49
118
338
725
149
745
518
665
371
797
664
6
313
746
968
881
577
814
260
997
529
745
501
261
979
805
795
87
123
99
668
172
569
6
249
70
104
767
736
827
916
752
185
229
499
153
462
428
319
723
426
200
820
279
462
152
436
609
239
559
708
907
732
278
266
333
348
722
101
436
901
17
189
87
599
40
592
61
820
912
136
246
464
309
877
926
461
314
535
700
873
596
960
605
874
578
939
574
652
392
11
553
409
552
640
360
944
585
774
764
849
910
363
313
571
240
592
32
554
479
733
428
75
45
385
301
623
676
228
275
68
591
180
830
143
821
542
87
758
316
851
607
579
566
920
150
807
864
183
713
344
268
141
419
313
879
73
288
907
301
915
328
892
95
158
387
268
700
474
378
369
677
985
948
596
258
98
403
122
281
116
818
549
610
590
214
841
663
854
748
964
769
76
208
217
586
595
837
639
421
216
8
450
553
956
46
163
54
449
638
688
918
456
237
880
46
804
721
61
658
469
377
780
898
585
349
484
180
186
475
953
754
483
404
660
791
450
175
198
252
813
886
170
622
475
402
20
279
123
82
290
944
459
422
842
45
771
679
577
309
506
531
416
990
287
76
133
737
251
331
341
417
217
863
39
45
265
59
676
388
141
966
685
953
740
527
998
511
558
927
821
65
810
237
407
97
665
540
187
268
224
528
685
793
744
76
838
9
136
867
398
629
185
83
582
926
962
932
437
873
212
610
290
22
199
697
472
864
589
11
133
165
891
170
959
635
247
149
645
735
16
395
364
202
830
947
480
792
231
917
17
443
528
307
818
79
356
642
944
946
653
429
463
896
951
422
532
198
924
529
933
940
924
650
494
754
949
974
898
180
244
268
976
124
575
794
203
932
788
499
230
441
928
693
689
232
468
221
430
392
750
716
684
26
366
179
132
315
505
31
847
749
299
823
225
226
969
429
510
757
928
740
550
209
786
240
441
254
813
223
998
916
939
682
942
657
861
75
324
719
458
172
820
109
347
46
335
669
475
198
778
755
290
681
964
76
273
405
682
86
981
680
2
920
715
297
930
928
372
254
647
182
778
468
291
478
514
978
147
341
528
277
96
819
958
413
895
231
170
930
670
151
962
24
424
677
321
354
606
45
960
253
579
739
73
870
569
939
201
716
280
729
993
729
900
304
142
796
887
312
78
557
464
40
582
888
718
255
594
676
653
554
929
232
645
355
455
214
294
656
282
575
737
628
304
638
932
446
786
819
110
864
729
574
256
663
462
974
270
408
650
923
963
932
156
608
287
611
823
933
619
457
508
356
85
164
346
17
962
132
189
73
348
270
999
605
933
462
931
203
222
934
479
185
866
635
146
505
246
321
438
865
778
299
573
864
815
272
881
778
756
422
203
105
692
202
62
977
16
993
533
239
927
12
776
145
647
922
650
245
243
441
462
22
740
35
238
907
307
471
37
64
894
240
521
938
795
935
916
811
280
449
402
208
461
179
705
460
453
708
705
697
501
167
71
241
554
661
500
214
132
538
630
26
778
503
965
573
438
881
737
718
682
491
278
495
22
984
955
476
44
12
525
545
531
948
138
437
609
638
651
741
176
633
120
955
136
85
880
574
318
969
293
352
813
571
847
835
907
154
663
303
518
540
848
49
488
986
486
449
977
490
543
153
123
663
460
260
100
693
834
770
14
479
122
827
403
321
15
662
475
30
966
993
571
166
394
411
153
880
213
482
370
756
635
846
419
448
106
871
141
292
641
155
124
763
335
527
84
702
541
911
84
507
256
655
674
650
419
179
530
632
661
253
740
648
451
511
96
557
382
589
201
23
97
325
138
784
204
574
486
98
485
570
957
741
578
631
391
349
162
273
333
175
878
73
824
329
584
272
238
318
862
440
341
959
117
831
743
674
405
581
772
242
151
729
983
81
713
726
782
227
351
115
403
230
540
579
559
476
851
798
794
713
590
487
24
707
318
767
733
723
348
505
965
852
587
300
285
300
26
68
527
378
183
282
960
724
861
519
552
713
669
347
778
259
834
803
319
153
922
52
228
623
910
546
827
497
846
112
149
225
532
676
955
68
959
915
144
820
786
696
885
456
43
664
67
878
467
386
383
389
791
963
364
701
509
191
198
708
304
347
933
836
375
888
904
686
155
48
859
941
745
744
749
140
760
169
370
579
907
753
969
698
717
685
751
578
877
301
286
181
0
219
369
376
459
626
414
966
26
273
260
123
370
9
264
130
530
634
710
438
740
31
488
809
716
240
387
593
541
674
126
542
245
848
270
57
474
684
23
852
958
283
976
328
645
592
810
175
578
520
965
670
903
454
479
620
46
219
565
587
245
692
481
490
540
751
899
366
436
923
570
746
558
898
426
555
842
236
83
421
109
48
91
12
854
923
984
900
494
550
488
739
594
969
581
486
73
481
204
861
756
774
607
314
25
33
222
867
621
305
288
82
353
732
447
208
7
431
460
501
333
948
240
927
270
821
765
695
654
969
556
410
96
163
77
121
548
299
988
521
604
277
604
309
361
51
869
368
834
330
869
168
630
461
447
252
282
213
947
289
182
503
699
278
18
128
399
566
779
388
88
735
17
44
45
378
95
266
98
929
948
319
449
579
780
897
183
414
110
131
703
644
986
755
923
5
883
674
923
15
414
363
750
431
759
147
161
854
414
611
136
362
930
937
293
62
834
477
477
944
960
532
941
946
287
864
303
523
890
579
538
305
294
640
88
54
788
602
260
554
213
396
268
496
334
562
558
520
391
35
817
351
568
758
649
207
622
305
730
864
884
620
169
178
261
610
232
401
212
493
955
425
241
223
273
927
785
832
448
528
867
265
879
787
23
881
347
997
186
429
213
70
50
383
600
663
345
185
64
557
678
19
334
271
594
608
199
380
440
999
260
659
616
492
799
991
373
146
340
559
575
553
981
977
288
581
640
633
766
56
190
796
427
525
420
22
485
971
754
925
970
14
584
938
506
383
929
879
881
269
790
457
174
771
786
815
705
427
448
823
835
991
972
263
868
392
637
353
363
391
278
685
405
214
623
264
950
904
143
831
525
286
640
699
409
427
514
114
206
315
290
41
306
262
656
174
6
293
527
369
36
157
406
442
371
29
58
673
285
553
505
810
839
145
509
249
924
376
715
130
691
5
524
349
619
180
875
625
826
754
994
862
911
752
656
634
781
714
308
418
268
165
228
459
662
90
60
587
466
776
717
509
133
241
210
753
774
85
378
600
191
725
814
102
477
823
88
611
537
748
29
157
913
610
969
576
700
29
163
518
805
232
379
939
826
589
44
600
26
774
552
217
851
718
671
329
541
111
292
431
860
673
588
773
283
557
701
335
939
864
853
744
449
232
35
275
173
431
227
551
206
131
768
57
849
791
738
391
903
30
822
763
56
762
888
691
672
590
27
611
806
880
707
255
465
95
882
638
526
109
542
732
240
662
790
442
454
528
833
357
911
7
472
319
121
360
10
145
302
37
756
109
270
816
364
735
911
599
725
437
708
619
170
301
282
312
743
736
192
928
445
455
935
269
774
408
629
137
554
932
174
662
393
796
478
109
883
389
708
609
179
417
228
701
70
862
13
813
598
557
741
395
13
28
664
139
436
294
276
342
578
803
5
971
599
835
80
483
577
141
444
756
558
24
457
980
887
822
793
485
379
886
881
744
914
897
884
702
543
160
397
121
963
754
444
563
589
877
46
166
18
842
274
928
866
83
908
753
257
53
591
989
939
824
733
205
721
617
259
265
778
656
738
741
410
183
656
0
412
54
518
782
896
145
710
763
580
970
868
838
23
459
827
314
635
912
519
357
530
778
974
660
787
712
401
197
247
410
549
11
464
420
793
713
917
503
828
497
825
696
687
848
508
866
162
143
779
33
852
309
812
826
969
951
891
722
148
490
484
50
502
301
470
295
14
387
799
842
236
976
890
924
825
750
790
339
246
921
373
450
230
537
277
551
488
520
626
988
10
110
38
512
411
508
160
777
247
959
971
484
935
862
408
112
964
550
452
210
472
177
661
54
714
290
958
554
162
936
542
172
46
933
37
810
793
197
587
41
508
911
877
795
773
637
260
89
187
64
300
11
241
313
418
307
955
728
861
117
664
755
641
710
40
30
872
834
579
812
227
439
723
104
235
848
741
847
937
280
911
589
644
152
254
62
811
209
790
24
678
806
779
672
868
820
702
741
6
634
553
233
73
628
337
660
476
430
507
765
62
418
707
706
922
961
120
733
523
262
757
553
68
889
225
937
61
280
30
67
914
935
652
339
563
341
0
391
771
507
156
185
278
215
892
200
177
364
934
52
627
43
605
47
932
183
336
345
463
366
764
729
653
416
420
216
757
420
959
880
280
468
66
558
683
310
758
212
674
44
264
653
88
222
53
372
405
389
718
220
108
482
301
761
251
721
330
8
494
289
889
774
757
307
332
793
617
90
5
291
487
270
297
575
492
350
299
249
91
369
469
199
852
770
313
455
843
643
463
337
932
704
111
42
11
443
835
980
886
840
272
373
462
921
300
306
271
599
555
714
969
24
914
173
146
579
628
990
222
91
327
506
148
439
900
511
234
735
492
120
928
116
845
742
37
145
49
660
745
956
374
66
981
640
239
127
219
867
469
793
310
797
300
810
588
200
322
822
288
814
943
568
930
788
662
319
286
711
979
31
668
705
97
1
346
688
480
917
555
950
711
217
99
363
28
687
915
702
509
555
516
804
475
798
593
138
117
231
201
96
262
221
153
711
222
499
399
55
769
306
5
480
523
456
195
903
143
110
605
652
18
473
457
493
623
402
631
740
633
833
188
247
54
342
958
629
193
357
36
962
15
393
794
538
849
989
794
992
452
751
644
470
577
453
963
200
855
947
941
840
132
481
87
538
823
397
167
369
106
555
683
121
948
478
660
797
819
806
141
271
557
138
93
134
591
409
687
799
356
628
991
488
461
79
26
285
828
546
6
935
101
689
56
402
167
68
199
339
874
693
610
784
831
56
270
422
465
957
573
821
937
565
661
399
996
687
36
824
585
42
759
687
731
816
89
251
884
640
590
111
685
552
895
516
608
517
291
425
475
864
598
764
429
259
163
425
947
199
250
884
593
9
571
677
177
12
280
62
5
222
525
690
774
772
207
735
289
850
160
116
714
111
881
144
370
396
921
669
948
171
554
541
533
125
570
710
490
850
124
847
72
649
537
199
773
96
934
63
946
446
531
13
557
412
157
280
809
430
949
109
602
503
650
487
981
221
197
471
423
674
670
496
675
559
695
449
8
981
512
306
779
43
319
337
808
828
617
969
259
918
78
213
422
80
700
403
653
249
226
77
923
896
573
599
807
620
48
815
601
912
122
380
307
441
69
115
622
38
436
881
957
514
446
379
947
146
134
600
395
712
677
319
960
602
270
767
222
670
583
175
582
57
908
889
850
977
357
472
368
793
705
325
660
151
56
607
297
542
207
45
254
885
716
214
839
986
333
414
8
268
589
590
325
497
831
176
475
540
0
195
334
706
520
994
209
928
601
859
470
160
904
76
45
972
642
237
310
975
651
318
596
240
260
921
90
91
449
917
632
450
112
318
156
984
312
717
912
265
576
734
425
832
162
823
804
804
60
114
131
63
432
727
303
692
1
745
136
450
662
120
900
774
438
408
758
102
126
22
367
54
756
144
887
918
967
691
74
379
806
558
442
590
285
98
635
638
843
771
89
506
243
989
632
681
750
391
135
228
413
502
282
522
998
169
792
318
861
867
697
19
425
492
609
62
942
244
701
137
367
142
995
610
483
628
643
233
19
778
813
784
632
96
306
631
265
99
949
478
318
998
497
95
842
459
509
784
703
562
274
423
704
269
385
540
897
29
125
268
159
939
405
144
35
711
127
652
162
428
131
832
426
980
927
621
439
789
405
495
351
31
270
408
301
655
948
550
36
73
819
196
364
224
692
399
287
819
404
802
247
887
634
673
867
914
646
659
55
52
154
758
435
776
166
736
431
466
287
820
892
458
368
256
682
60
8
321
879
412
123
126
299
110
151
518
376
798
177
431
202
683
189
637
459
708
374
243
526
13
63
418
471
431
675
505
491
683
826
370
447
302
848
746
412
999
264
140
797
794
923
999
477
464
989
289
172
715
532
699
728
595
469
199
378
144
56
869
179
882
591
626
184
439
724
948
790
341
440
588
135
363
939
964
828
280
253
352
995
137
51
723
84
873
274
462
369
330
683
549
565
274
527
101
65
252
50
856
945
842
796
80
206
87
44
34
368
650
738
363
787
142
439
872
15
713
334
384
396
370
933
313
996
813
414
62
417
816
270
362
659
66
442
865
505
838
251
873
488
989
237
276
131
28
500
146
93
186
531
489
556
816
802
553
629
217
967
398
385
237
760
44
655
554
909
160
393
160
34
881
502
623
509
633
651
361
132
744
548
663
586
456
831
740
361
813
309
328
211
695
917
324
739
572
878
649
85
271
161
119
505
663
94
366
649
97
728
781
841
628
796
779
84
979
520
446
792
829
126
356
524
44
680
616
616
558
617
701
182
778
172
687
794
618
405
443
715
485
576
557
113
372
688
550
351
208
348
496
38
474
852
914
870
884
882
839
794
499
892
976
278
65
15
424
35
421
867
751
258
795
660
372
167
348
274
870
557
622
366
947
448
570
213
319
806
96
158
601
595
50
577
225
467
945
649
503
718
868
254
976
663
266
700
182
614
974
53
171
948
771
470
749
342
684
420
148
132
930
101
727
980
679
953
800
976
954
655
694
823
261
22
838
527
723
21
141
49
426
665
998
197
135
99
891
171
519
392
303
449
493
383
781
524
688
933
500
642
588
546
817
201
569
656
728
292
29
222
341
455
239
691
4
726
142
896
898
661
288
553
462
133
936
244
658
624
529
510
619
118
57
436
319
978
444
400
622
825
622
315
280
861
7
285
587
501
533
837
163
821
391
977
306
679
573
964
656
103
827
275
573
236
63
244
214
860
644
836
685
618
151
318
831
510
603
771
12
136
960
527
309
703
856
615
383
430
932
39
885
111
666
458
347
729
54
913
941
699
101
627
669
252
945
853
115
900
976
479
36
936
358
697
640
214
664
375
996
948
414
233
59
432
691
406
513
746
671
455
797
772
82
818
377
27
23
844
927
999
323
315
936
33
364
928
599
28
303
948
977
69
181
388
501
873
147
366
971
818
821
120
591
903
290
320
282
314
164
561
665
839
228
601
872
592
881
471
973
184
771
302
605
953
690
458
178
189
825
501
8
646
973
951
902
263
271
184
929
435
98
595
274
326
548
146
271
430
969
596
966
93
898
572
46
940
30
224
130
207
725
490
854
50
441
756
313
712
292
595
499
390
542
773
69
442
271
340
224
592
936
191
685
186
115
731
478
497
307
960
705
384
802
559
434
243
667
100
307
959
695
806
350
589
579
419
31
202
111
256
795
399
799
832
937
266
916
767
763
223
80
820
608
882
731
394
126
398
494
433
358
541
240
60
130
171
831
514
374
294
122
521
693
921
353
982
187
269
749
302
845
829
123
805
64
854
199
190
253
46
975
963
587
567
375
70
91
558
936
817
852
58
338
897
331
43
231
870
665
980
172
862
162
295
667
226
502
218
768
107
264
95
422
852
663
797
274
754
707
210
923
911
268
261
808
599
656
39
821
673
371
993
535
885
641
202
463
143
421
583
602
37
679
24
889
694
173
163
448
880
373
371
791
993
984
951
944
992
342
765
666
65
759
201
951
752
756
414
247
529
998
849
566
29
225
456
723
398
971
523
278
697
246
421
690
230
372
635
574
66
752
240
131
863
794
82
615
550
849
862
79
199
63
997
580
288
805
303
38
777
826
316
826
72
89
516
654
813
503
580
879
256
821
363
119
615
797
87
165
646
301
596
197
717
593
777
5
399
432
396
528
258
712
354
682
154
222
688
967
78
269
199
686
442
562
157
57
359
244
574
358
898
522
907
615
467
685
972
218
117
368
98
728
433
452
762
587
27
803
906
457
424
457
143
866
19
652
275
731
897
849
89
147
723
996
762
190
33
734
409
503
455
507
583
888
312
345
827
691
500
733
148
924
191
643
790
562
295
65
293
544
266
734
691
989
83
805
532
468
892
941
323
347
800
906
587
464
604
414
155
104
147
655
29
690
650
171
605
946
589
898
842
855
985
886
197
420
691
729
888
583
670
564
282
822
470
869
287
74
283
794
531
783
802
912
825
452
83
430
398
672
681
593
880
18
479
77
438
170
806
678
106
828
242
740
650
65
610
289
491
245
436
22
380
238
286
206
690
722
636
441
394
669
34
626
687
865
703
125
35
509
156
493
689
750
234
340
815
196
981
307
441
417
681
822
7
968
28
50
690
16
491
436
686
877
63
725
742
118
203
129
980
359
623
669
461
209
361
277
405
343
936
846
112
617
668
120
937
48
170
979
417
13
768
455
242
183
180
984
301
383
113
281
94
88
951
556
297
312
833
54
7
121
901
472
738
921
592
28
322
114
359
739
479
127
194
721
310
726
57
612
110
522
245
204
611
196
760
260
861
945
667
220
66
568
692
157
841
636
537
515
750
896
606
581
24
800
302
686
527
359
650
989
234
896
193
845
92
306
457
305
603
124
526
670
44
218
179
238
855
716
753
957
612
360
891
988
512
193
675
391
905
677
380
139
573
926
336
18
584
145
323
187
270
201
209
666
772
388
904
627
456
10
936
421
370
827
409
234
373
436
626
630
114
358
121
687
636
809
57
220
954
381
760
576
934
321
243
706
62
499
685
518
509
622
939
231
801
701
818
174
137
444
156
603
154
277
643
791
86
700
363
41
433
475
617
368
797
212
426
859
712
112
377
573
86
669
805
887
370
623
62
859
419
218
463
925
848
458
68
934
158
784
327
944
259
297
312
56
509
90
267
221
202
997
147
288
666
952
176
388
927
590
247
698
160
62
623
8
520
44
295
679
828
622
623
87
919
287
496
429
377
115
2
932
112
501
220
130
453
748
518
732
338
118
782
851
180
406
211
701
802
506
732
630
129
355
69
400
994
565
181
723
681
536
655
145
37
876
276
843
976
146
575
667
264
358
518
445
116
729
146
918
236
878
900
717
585
969
469
579
887
651
654
568
187
310
65
224
538
341
67
514
488
995
181
752
705
51
549
173
781
695
443
369
925
343
438
862
312
907
793
199
910
448
119
97
758
185
674
296
878
93
162
718
88
696
823
145
747
372
318
880
420
761
249
697
456
39
560
121
299
353
672
209
801
792
307
911
329
333
559
559
426
74
278
515
770
101
12
517
825
331
750
597
444
351
295
901
391
855
22
690
560
694
899
714
838
558
625
519
891
537
79
318
611
357
185
381
810
197
250
987
880
0
585
677
352
232
578
95
439
952
137
999
998
388
713
189
947
691
708
190
580
139
508
191
848
45
924
10
595
526
998
475
879
935
152
583
167
82
678
606
386
167
605
737
555
671
926
502
714
986
693
646
126
553
837
974
599
113
985
546
991
335
21
870
270
526
453
437
960
483
43
699
650
0
436
206
23
362
60
89
700
105
735
826
659
924
153
610
389
138
156
381
825
529
251
95
407
57
884
720
892
279
419
895
279
855
453
655
569
865
744
269
971
832
96
982
756
249
592
146
739
100
527
564
629
130
11
389
539
895
109
784
174
528
31
805
735
484
812
304
701
909
573
672
741
669
654
497
270
246
995
361
698
874
277
680
357
288
69
896
535
530
32
61
58
63
867
793
899
31
449
601
940
22
625
681
692
280
531
314
878
526
676
577
401
953
609
758
594
678
6
129
208
391
191
618
806
410
763
58
441
212
659
382
586
636
63
630
916
594
945
147
473
973
724
226
926
333
336
872
363
694
2
923
85
193
893
892
603
8
950
44
572
961
778
158
597
842
789
866
788
86
13
613
59
89
839
337
774
175
210
137
870
212
412
307
757
305
551
712
313
853
756
885
166
535
395
116
729
184
982
869
622
995
483
681
436
674
371
210
202
581
347
424
145
759
83
254
416
635
966
81
488
74
318
655
961
713
771
690
250
105
912
872
452
747
906
888
421
277
98
975
210
797
399
707
908
835
961
676
470
927
757
310
353
75
317
315
788
440
5
390
545
269
263
997
16
521
237
790
150
687
765
360
836
517
419
744
704
732
420
174
11
529
484
364
604
802
679
393
242
37
783
140
306
398
137
323
919
727
465
421
414
582
781
603
451
552
347
155
284
120
329
295
649
166
660
606
968
339
351
562
376
486
702
35
885
192
710
156
919
175
578
685
109
711
288
561
264
988
716
900
460
398
548
461
916
208
67
236
899
418
798
628
905
853
15
142
45
725
650
316
900
228
353
361
292
994
922
908
334
991
808
794
741
356
607
657
916
27
893
168
797
43
148
702
896
163
196
293
888
847
609
140
427
315
501
719
309
776
627
643
767
436
789
508
144
396
517
413
423
410
581
221
453
729
275
702
244
824
995
132
671
605
624
98
272
125
818
581
901
797
224
20
233
365
880
730
761
397
143
537
159
76
110
965
157
385
667
401
561
662
533
232
619
509
683
891
634
853
824
888
650
400
260
236
765
141
318
879
538
461
416
50
889
526
15
46
263
682
447
825
696
332
409
668
841
92
911
827
297
88
67
948
488
328
536
606
469
854
485
359
667
253
409
556
131
424
602
746
458
49
571
507
733
333
527
574
777
438
753
75
878
821
375
367
501
911
973
970
117
810
681
784
63
443
340
194
867
942
940
678
343
864
537
76
549
64
2
326
854
755
753
733
928
128
452
429
391
425
751
508
235
433
292
650
876
632
844
95
926
136
125
269
352
662
345
901
78
699
580
285
455
333
18
383
814
822
165
557
247
916
66
834
701
710
836
929
695
680
25
621
168
502
243
521
517
940
774
595
640
354
232
95
688
250
830
854
424
995
411
671
264
829
857
965
540
693
895
587
725
272
208
246
774
803
767
643
744
541
239
384
248
471
479
936
74
661
142
498
9
553
522
273
383
731
590
275
777
837
862
502
461
422
748
236
226
867
879
970
761
470
354
9
294
185
297
720
846
439
570
207
992
444
832
727
176
423
2
305
612
864
159
74
287
908
662
513
127
893
835
888
716
189
249
10
726
546
82
924
985
4
132
330
449
964
57
977
739
60
282
352
276
441
778
563
701
440
428
181
333
263
421
49
804
671
411
530
217
845
455
555
850
587
885
299
903
942
628
643
354
262
347
631
55
125
194
109
917
975
290
250
590
711
652
395
734
63
925
952
909
732
859
111
671
744
762
575
38
390
570
393
4
269
24
59
746
570
168
663
545
810
265
488
522
917
883
608
333
160
560
594
893
419
705
916
515
467
491
554
209
413
947
213
682
323
624
428
893
793
443
791
955
709
279
477
978
514
86
663
674
998
257
919
770
314
188
285
781
679
839
342
445
138
555
127
461
180
908
355
325
703
498
280
764
129
110
743
643
548
406
669
898
16
941
668
330
129
306
464
160
497
806
605
636
362
85
449
894
345
156
219
48
654
851
813
783
961
556
778
509
314
448
408
682
389
428
13
870
734
829
30
232
635
636
220
349
73
669
243
418
826
814
466
480
666
279
616
979
187
394
489
854
194
249
536
583
677
901
805
764
730
836
996
718
824
216
67
897
237
663
315
63
829
781
896
847
413
512
827
600
258
668
806
453
917
343
388
946
244
194
710
327
30
58
45
854
626
464
103
864
479
418
927
309
551
175
156
316
687
335
917
946
3
75
751
272
418
139
219
15
333
281
342
363
340
739
569
318
203
672
182
683
442
462
344
346
637
852
662
677
188
931
975
191
7
726
464
777
865
35
792
199
668
486
914
360
577
484
679
781
508
861
816
303
675
512
649
313
364
663
342
552
947
317
96
954
43
912
83
908
299
876
459
967
714
374
328
292
858
7
425
718
220
593
21
896
105
22
561
821
38
903
374
985
572
822
291
615
734
374
875
33
602
335
352
317
709
680
961
919
39
386
637
612
331
11
860
788
33
421
609
71
676
335
408
248
157
699
215
891
74
90
276
676
777
629
345
486
661
306
405
701
44
395
313
727
406
173
515
791
946
125
863
974
460
623
574
618
323
789
861
397
231
138
425
9
119
771
847
132
429
605
833
826
0
498
553
758
23
69
549
321
546
764
647
6
388
221
976
711
10
190
460
594
680
885
603
799
8
802
931
790
407
117
616
407
967
521
165
343
942
715
16
488
831
664
847
219
885
175
930
248
365
742
842
45
628
797
196
988
599
480
778
7
949
746
414
916
268
932
611
210
999
628
51
830
292
250
50
177
425
332
425
143
75
619
540
55
416
89
43
16
569
822
23
518
568
789
786
188
73
750
751
72
378
802
255
670
52
305
199
829
989
977
324
416
596
865
471
13
954
867
381
875
41
756
745
961
545
531
150
971
281
901
43
11
55
298
681
459
955
233
288
297
210
965
713
806
830
537
171
136
756
552
11
797
660
756
758
206
639
908
177
273
161
572
284
216
223
318
675
178
551
316
475
113
281
541
271
463
430
795
599
538
347
962
335
8
70
445
566
61
706
95
334
867
19
971
84
242
289
111
421
192
427
248
657
708
141
928
171
923
723
122
461
423
84
796
783
506
594
701
568
300
148
254
167
167
225
603
410
866
715
183
410
142
431
67
851
925
348
374
848
71
497
662
846
933
810
629
792
404
682
360
704
830
614
872
998
192
475
760
58
190
943
469
685
726
888
888
651
236
262
852
660
111
514
506
397
324
488
189
81
170
901
785
353
867
9
351
59
485
463
470
27
406
291
712
132
179
600
136
416
215
340
428
326
206
934
75
882
774
264
963
945
517
749
650
385
758
353
796
595
816
266
975
222
557
687
706
737
640
842
505
207
182
933
885
388
219
961
271
994
577
586
291
95
335
941
480
446
294
276
41
110
895
16
332
452
56
38
541
48
233
398
255
767
683
140
508
903
101
131
249
31
717
540
126
405
833
958
851
127
234
244
237
129
613
921
934
669
311
827
717
896
226
324
664
909
816
172
164
918
655
413
949
372
305
427
777
138
385
980
265
971
225
854
453
838
127
387
859
791
214
928
687
792
252
703
54
68
227
218
338
882
984
639
607
289
418
736
780
803
717
397
775
294
252
228
132
731
967
343
522
533
271
562
678
875
617
732
295
845
302
634
79
286
625
686
928
44
423
60
199
492
457
974
786
709
554
918
793
873
613
667
759
884
581
437
759
199
169
54
396
471
40
475
110
18
514
390
62
289
450
261
781
907
588
919
969
494
189
762
720
802
781
479
686
363
916
797
562
437
851
958
908
244
785
370
262
651
760
676
292
210
289
425
118
877
344
439
724
533
201
444
335
982
275
373
697
191
170
259
628
374
569
888
618
707
259
232
710
19
908
3
582
197
780
700
427
125
139
151
10
692
947
346
26
222
71
724
765
242
335
745
968
257
985
938
316
244
170
26
616
78
381
198
627
162
250
54
287
741
557
297
785
856
995
163
430
67
239
195
661
575
292
629
184
278
567
500
874
737
526
842
167
260
392
794
422
994
201
61
735
110
710
872
967
706
36
397
125
275
945
786
202
237
767
386
867
334
238
94
423
117
936
942
377
329
88
151
323
289
212
411
752
922
283
719
980
671
468
457
299
413
595
501
3
362
240
222
48
478
316
823
595
253
765
324
934
854
475
257
495
687
668
247
962
304
318
294
975
787
104
626
552
699
128
555
414
720
778
814
198
446
638
146
699
755
470
633
609
946
243
457
985
911
56
299
567
375
594
895
514
50
521
66
749
1
974
515
721
104
330
920
550
968
418
250
723
888
235
685
834
478
494
172
742
902
471
661
629
417
556
143
467
78
562
217
79
536
84
153
640
414
425
190
382
843
792
458
731
28
495
918
858
989
90
952
891
913
966
521
331
522
16
798
952
578
367
384
114
452
537
754
866
962
297
601
805
89
411
888
469
906
806
680
247
248
984
138
162
950
11
845
473
28
995
777
958
715
513
425
167
50
179
385
364
828
338
521
918
749
410
739
7
568
419
254
169
756
745
683
706
756
528
531
136
523
309
447
238
822
872
757
225
403
495
589
232
185
463
502
287
873
241
294
793
13
549
962
121
294
645
827
402
525
359
891
401
20
338
991
194
210
101
419
613
596
361
197
133
824
699
420
49
293
715
194
658
616
157
779
262
154
606
664
32
317
907
433
337
245
776
532
807
877
303
421
825
664
618
959
840
670
731
241
963
446
436
973
414
945
752
676
451
710
693
483
28
600
268
717
198
45
601
5
274
905
426
100
921
397
411
762
67
142
3
382
941
791
707
355
736
459
384
188
521
77
23
549
29
644
619
227
41
220
233
315
125
11
767
47
408
178
161
827
673
516
561
614
308
268
321
44
79
705
584
601
134
608
502
164
252
121
743
293
342
976
960
819
988
728
218
748
258
379
928
283
896
841
249
556
462
571
952
893
628
537
494
115
497
349
631
101
470
374
746
164
351
706
336
691
786
554
791
397
286
71
680
534
265
282
90
727
205
42
620
833
931
467
300
428
816
931
529
638
306
275
803
9
334
139
52
472
45
843
869
331
267
902
865
532
184
307
611
389
702
583
574
633
402
875
62
218
806
943
209
464
219
12
473
905
503
877
377
548
721
599
232
340
501
449
224
685
757
835
74
459
770
0
92
173
875
506
743
34
450
952
498
21
316
324
926
171
201
655
720
274
254
304
966
755
753
190
792
862
377
866
321
148
867
766
673
94
272
768
128
722
721
979
95
389
655
21
561
208
29
633
835
283
937
801
391
690
992
183
553
721
50
226
221
269
992
894
715
617
15
844
691
88
175
787
477
182
160
38
390
189
23
225
473
960
27
864
3
371
399
556
92
449
134
666
70
479
560
786
96
575
982
139
663
509
926
493
691
439
883
433
628
907
659
453
867
38
669
870
761
69
778
205
870
265
871
293
744
784
431
192
711
413
331
727
274
610
220
965
49
103
750
677
10
409
483
230
799
504
452
560
573
231
766
796
848
989
89
592
773
520
784
485
285
115
212
911
725
784
228
126
239
978
804
250
740
639
832
539
143
284
100
69
867
218
217
715
559
306
659
333
178
443
170
815
911
734
78
988
518
306
115
757
284
271
359
24
910
191
916
405
828
16
826
47
586
43
115
145
701
774
830
879
570
0
46
481
734
124
469
604
782
936
362
67
207
73
443
469
617
359
227
797
727
53
844
665
97
959
811
798
86
993
30
656
346
76
489
432
553
310
37
335
247
751
754
806
824
198
276
793
909
503
590
637
556
787
302
5
746
465
804
184
811
834
840
157
262
681
589
167
992
978
503
239
729
609
45
906
159
673
699
69
176
642
58
85
429
712
90
527
530
246
712
341
80
904
850
695
586
439
862
578
418
365
169
499
975
214
405
134
240
457
555
416
99
613
853
528
326
296
55
208
542
119
549
975
24
399
670
610
190
532
540
960
250
709
460
577
923
217
63
163
26
619
932
125
584
137
5
262
785
413
470
328
532
19
303
556
770
973
518
313
857
58
273
107
767
85
684
43
655
748
558
681
719
842
159
303
980
516
566
765
929
36
445
814
408
100
370
530
73
889
843
283
299
469
390
67
906
427
462
913
527
20
947
598
863
458
901
195
974
819
312
256
208
758
70
968
858
440
498
284
681
694
567
333
515
309
400
773
88
214
687
967
234
986
565
449
444
819
644
418
638
957
674
198
67
96
166
925
537
665
561
570
711
480
255
578
142
7
351
230
221
390
550
456
376
115
905
820
286
902
591
925
859
617
123
278
714
642
555
603
307
117
173
370
949
429
948
91
788
651
674
10
42
224
466
418
691
723
591
978
625
182
255
836
799
730
114
513
372
670
116
31
139
642
753
88
423
701
532
211
705
206
221
747
782
39
517
825
115
460
155
92
642
410
929
794
493
395
659
217
417
776
249
556
770
2
997
545
56
881
756
761
87
330
860
221
721
729
46
188
190
202
281
184
964
210
330
457
957
990
675
375
118
276
283
240
630
280
785
38
161
893
799
600
223
11
173
297
741
220
485
283
774
766
819
90
328
150
900
286
140
927
13
610
203
296
850
185
929
635
224
90
528
375
43
104
387
216
753
480
788
238
115
914
357
934
5
685
84
905
323
576
832
336
538
387
633
388
924
562
375
148
4
256
524
399
360
263
968
113
743
756
703
210
23
60
144
28
98
581
285
421
509
469
758
48
208
743
436
132
657
164
281
661
420
157
413
132
420
381
597
515
489
300
725
512
713
221
892
811
802
529
232
312
998
342
360
558
437
148
691
94
664
324
108
84
833
521
568
605
254
165
120
95
818
197
608
531
418
852
342
221
382
926
885
732
621
597
643
58
97
686
505
762
362
613
198
195
486
767
800
92
284
272
187
102
821
147
985
239
352
327
812
734
606
49
818
579
646
461
989
744
499
494
506
861
459
704
56
297
823
208
389
108
832
929
562
653
76
548
893
780
227
57
514
185
107
685
764
105
498
754
849
998
600
707
211
60
764
620
709
587
828
451
47
13
380
962
666
808
510
911
589
89
969
455
275
428
492
391
533
343
497
735
341
98
442
904
510
206
524
219
146
705
670
193
718
402
507
736
211
17
648
152
459
969
959
734
749
452
477
282
795
975
17
488
73
812
392
935
18
269
154
516
974
177
62
692
579
569
428
142
939
428
294
398
397
254
484
498
58
961
781
853
288
150
693
361
962
85
296
333
354
803
849
680
980
911
724
911
481
505
54
420
933
700
170
683
306
654
181
364
967
314
569
256
465
262
969
779
700
618
112
406
421
314
87
753
225
811
664
58
316
70
830
602
771
0
285
77
6
818
794
974
133
715
582
598
978
551
729
30
169
194
436
942
508
523
47
85
687
64
144
355
134
326
957
257
679
594
687
685
413
481
11
898
196
593
848
526
497
577
556
18
771
993
313
279
868
360
365
907
424
861
263
559
539
572
816
218
519
503
256
932
336
619
830
885
565
678
411
62
607
968
432
379
313
745
10
533
106
727
441
530
588
56
441
480
628
610
698
147
465
306
431
802
926
613
39
843
643
450
257
251
770
689
982
83
435
992
617
541
720
410
423
660
466
217
140
94
827
191
594
644
849
377
446
775
343
485
970
986
288
227
589
58
917
923
494
704
916
463
597
988
873
20
0
339
589
493
785
768
684
731
413
533
109
859
661
804
697
983
790
337
211
732
395
480
655
241
184
923
704
781
263
929
153
264
620
743
757
406
863
793
489
276
678
950
488
691
754
537
675
897
874
886
629
621
718
636
863
902
912
919
35
175
849
188
439
469
283
548
227
499
693
717
775
372
667
263
63
422
800
738
671
674
976
300
648
694
288
511
948
200
782
983
376
983
524
167
805
159
68
32
658
761
101
434
133
121
49
549
895
202
639
566
228
616
218
876
662
506
739
963
59
522
298
787
505
174
954
662
334
374
695
344
136
148
130
269
269
532
170
516
734
810
82
962
778
652
839
440
511
578
755
570
100
54
357
958
580
663
620
914
390
667
611
526
168
93
147
437
625
318
306
359
128
740
322
906
393
513
698
904
91
806
826
544
860
535
854
440
550
826
707
940
846
670
466
14
763
614
803
741
284
109
452
764
850
774
22
243
639
720
499
83
526
325
979
738
860
833
531
410
11
590
351
857
612
169
871
727
135
675
468
419
784
921
535
986
47
557
581
687
278
80
122
156
757
101
247
617
286
130
380
297
72
83
155
684
252
378
411
740
53
232
159
190
153
695
528
552
604
110
591
234
190
713
391
948
166
990
917
452
120
649
102
192
732
257
228
337
987
991
77
41
223
588
583
728
635
111
633
240
573
224
474
764
290
217
64
456
207
333
261
679
983
363
223
67
972
451
404
959
443
833
352
18
422
287
99
57
751
732
297
324
956
772
440
598
989
856
407
549
190
668
228
525
31
452
592
355
255
349
314
50
182
19
69
956
306
168
14
57
900
663
734
208
787
174
159
129
31
566
678
573
234
906
98
617
710
42
972
966
743
638
16
278
657
437
234
316
957
600
725
209
264
459
418
51
986
929
180
17
495
210
590
729
117
40
698
179
82
670
497
178
660
514
456
318
303
690
986
261
291
63
470
907
523
240
958
509
169
491
878
664
701
820
745
170
860
443
350
294
465
199
472
126
713
928
796
369
971
134
630
614
197
100
521
72
693
831
933
214
674
811
231
376
631
976
898
843
772
600
138
589
800
962
715
865
891
863
234
214
997
864
180
547
317
701
619
362
884
553
576
559
716
807
287
700
136
185
543
908
138
681
849
938
644
917
803
887
780
390
453
130
254
633
677
923
686
648
285
570
553
214
481
270
21
120
970
157
658
513
417
796
547
267
86
543
184
241
782
316
631
235
446
238
220
475
161
906
476
799
828
29
13
662
299
386
782
621
544
440
135
961
588
34
580
674
577
764
916
711
81
547
946
879
785
166
707
299
424
183
450
252
564
815
266
216
201
49
837
745
841
324
59
782
358
991
456
287
756
724
998
189
272
296
420
409
814
479
60
238
14
862
843
579
677
109
795
879
510
984
976
704
309
387
486
19
379
294
659
487
19
9
28
291
306
448
52
120
280
465
711
294
327
906
225
5
367
372
236
878
357
212
934
18
952
772
37
331
66
48
170
85
58
198
728
364
646
133
836
278
598
547
573
277
453
798
282
821
171
518
51
880
83
337
898
387
109
287
70
527
336
240
613
394
438
693
758
436
826
594
715
776
494
288
54
299
438
688
120
961
207
523
841
642
212
91
381
321
379
451
849
715
691
814
109
129
507
219
917
686
165
632
462
659
272
868
959
63
557
431
24
116
307
218
758
519
309
491
193
688
942
42
403
633
208
864
114
715
83
383
753
249
16
216
260
640
84
571
703
641
355
80
109
14
298
867
533
607
710
78
648
652
472
51
637
680
268
751
748
351
487
501
952
503
69
565
495
506
136
551
499
843
631
609
857
929
828
391
888
539
821
536
191
294
940
829
974
208
932
722
911
419
576
216
274
645
781
122
151
917
673
3
113
304
612
970
585
440
713
825
331
535
362
523
829
654
704
803
862
988
878
125
760
454
341
386
451
122
508
955
392
533
958
505
837
922
475
774
362
189
600
46
76
314
569
905
968
625
60
830
965
938
955
725
744
297
464
196
771
324
503
163
858
461
20
47
383
496
822
97
37
774
143
113
88
64
370
56
41
430
238
7
721
545
84
465
194
900
13
966
225
516
481
83
329
502
130
64
350
304
162
387
78
657
852
518
74
222
574
467
4
812
826
725
358
911
543
552
163
556
870
388
425
352
823
754
854
306
819
204
610
333
943
41
342
795
559
768
369
134
236
373
298
62
451
8
325
994
913
489
550
135
877
327
487
701
82
693
7
253
897
969
938
192
10
632
987
922
401
708
408
989
434
706
51
885
67
377
879
332
218
781
467
95
109
307
148
543
0
507
148
250
829
438
442
191
70
782
113
823
490
521
812
276
580
864
161
999
593
392
683
811
526
150
258
987
809
759
530
810
618
30
60
447
468
502
991
538
284
104
714
127
978
526
403
558
390
917
909
335
661
592
146
539
94
757
526
904
868
408
714
486
438
126
286
906
628
277
797
265
733
511
744
711
37
147
621
780
416
530
467
430
474
966
969
569
723
496
473
591
904
539
429
695
665
715
953
645
344
750
262
78
613
6
789
3
506
411
135
274
293
602
704
768
568
26
337
643
522
162
586
778
701
16
825
718
731
779
363
76
881
978
506
495
984
295
850
842
58
985
117
352
587
173
472
508
199
161
151
73
323
738
852
24
754
29
94
837
808
809
265
690
787
771
537
772
419
387
966
477
372
83
181
311
257
5
819
456
166
971
530
489
709
734
865
815
763
311
4
924
121
270
614
908
393
503
32
164
890
999
994
614
82
527
925
691
533
745
148
51
68
30
893
777
764
110
944
879
422
948
803
543
570
769
451
316
272
484
480
162
483
826
128
917
354
54
609
887
799
109
290
867
139
183
996
255
294
292
134
716
592
290
611
515
59
62
183
684
898
663
846
733
842
327
3
196
381
612
435
532
73
725
751
212
909
99
819
203
391
305
271
335
595
882
850
7
296
33
691
547
49
889
632
891
216
635
439
597
599
874
481
672
599
232
236
508
331
55
63
74
713
686
410
308
920
612
667
569
998
358
468
399
600
100
642
168
88
81
766
687
955
599
712
554
832
300
415
515
356
830
942
421
869
704
81
789
316
749
710
666
459
178
65
59
631
707
228
719
140
346
758
95
297
822
2
481
123
769
997
831
599
939
252
820
643
333
610
311
82
672
978
894
203
395
305
834
455
533
905
595
231
663
43
881
486
45
362
961
814
359
792
765
650
44
586
645
377
548
957
812
220
287
706
423
34
11
609
489
897
514
437
480
530
480
361
368
525
724
329
691
435
121
456
438
165
42
83
894
590
392
706
163
31
412
938
66
776
548
907
673
62
344
153
592
176
867
960
701
591
289
392
378
762
201
816
279
595
900
174
186
644
232
701
676
997
639
94
773
187
1
798
602
698
951
194
874
170
507
928
761
148
672
492
911
873
308
542
469
560
68
7
205
301
708
881
650
699
327
423
887
328
573
841
378
876
35
253
47
894
181
160
43
205
652
306
79
961
848
900
521
269
907
726
570
967
959
220
666
286
995
905
967
568
746
345
444
134
950
491
28
483
652
423
689
304
81
120
617
282
20
139
551
927
217
473
246
177
693
912
815
40
170
782
608
268
480
404
402
430
248
783
266
900
558
955
556
992
427
174
274
447
665
825
726
882
298
972
411
343
236
227
383
406
361
343
27
841
99
781
624
347
916
242
599
475
549
156
819
976
682
93
423
699
270
149
933
920
473
345
263
709
924
998
468
637
693
495
479
792
276
455
140
545
49
739
20
598
247
839
574
281
284
349
332
554
498
266
826
971
963
441
32
887
439
500
524
484
347
355
276
976
162
768
521
211
508
893
161
107
84
87
741
368
436
73
274
286
339
100
609
654
541
642
893
332
494
418
816
842
125
92
818
640
861
339
203
721
232
365
180
316
452
921
36
889
995
310
175
686
410
137
693
303
779
586
635
273
4
803
115
482
895
285
122
108
624
325
181
208
42
362
876
495
635
912
736
982
574
263
21
336
400
714
639
531
300
626
805
657
429
272
139
677
558
613
785
534
290
319
95
333
33
971
180
668
236
268
651
810
883
24
147
284
738
786
167
38
413
972
47
842
597
538
519
507
151
657
41
794
328
136
127
361
460
659
381
696
279
32
506
162
408
653
798
146
792
966
537
205
290
584
399
887
123
271
394
626
928
788
420
256
276
899
969
736
558
350
784
837
735
291
352
143
296
150
290
88
468
827
645
759
763
45
998
886
668
393
513
596
533
933
204
809
833
173
898
743
523
682
933
610
973
285
754
622
787
396
710
256
575
708
15
338
753
13
225
421
758
90
369
643
23
925
453
208
98
351
952
973
385
237
936
711
522
690
333
309
438
43
917
13
103
284
351
208
298
928
981
408
18
350
52
42
275
857
602
725
560
554
51
945
791
339
656
665
29
989
327
467
385
244
832
488
529
183
697
179
112
678
939
130
381
991
524
8
200
127
86
760
33
489
706
177
828
714
842
209
56
521
28
441
118
860
281
647
43
330
178
507
361
117
638
742
461
514
102
661
641
188
774
27
29
832
204
857
546
398
66
602
920
94
395
38
954
29
37
350
359
567
857
72
684
847
166
497
362
269
511
355
809
285
382
839
469
938
48
15
337
115
970
609
561
717
999
868
98
388
218
810
955
427
882
991
627
49
489
341
318
352
696
479
637
431
670
458
369
719
473
58
186
795
19
747
865
18
967
963
758
537
773
713
965
8
705
944
57
546
285
727
898
981
206
887
764
877
697
486
596
522
544
782
318
916
881
535
286
849
850
45
386
976
758
703
984
815
647
41
713
932
768
963
266
326
202
382
203
899
868
151
422
765
285
92
681
519
627
967
368
829
12
106
805
123
810
789
290
809
830
356
94
950
319
712
277
874
94
832
773
315
984
547
80
621
639
761
140
618
80
860
448
445
967
253
920
129
395
210
290
225
918
384
528
238
96
805
464
543
989
237
858
973
137
938
947
776
51
87
747
483
300
547
280
267
152
200
748
547
763
38
125
681
775
653
271
223
810
735
766
799
325
976
125
462
914
72
590
317
511
689
153
811
236
433
430
389
634
178
288
749
569
413
430
344
418
702
567
228
437
334
380
114
310
505
576
577
929
167
246
792
856
751
956
445
185
386
834
171
917
474
920
486
888
702
830
306
404
397
887
194
83
267
308
746
124
237
675
53
756
921
845
964
25
153
409
210
540
595
733
457
70
5
295
958
707
125
616
464
874
855
10
310
122
318
56
246
907
731
651
663
4
849
628
29
2
389
591
542
985
324
351
55
681
998
365
389
475
333
853
350
189
863
660
311
533
68
910
441
799
561
456
155
410
84
537
765
474
128
659
811
805
363
218
838
361
583
227
837
268
432
187
457
647
199
121
181
267
31
974
418
944
782
925
707
219
462
472
693
943
131
856
100
494
74
938
856
657
518
45
277
950
584
735
598
783
856
131
402
239
457
172
183
239
97
242
458
912
714
503
855
198
359
307
692
433
245
900
442
115
945
720
66
529
807
16
664
15
147
66
254
956
590
789
195
688
32
6
600
98
509
807
296
221
114
341
6
711
241
801
827
539
521
893
420
680
261
85
695
760
503
301
716
94
90
263
134
474
269
734
573
779
893
869
0
7
210
358
718
804
159
897
343
32
790
115
712
403
200
759
163
56
60
231
502
503
495
636
977
764
722
550
895
967
772
247
974
334
606
44
138
765
942
833
798
84
301
862
488
501
622
3
909
682
235
763
185
730
751
515
494
473
417
742
792
189
989
766
876
947
163
366
713
105
552
863
541
853
725
29
706
699
33
616
382
268
379
919
350
483
434
844
308
204
938
101
745
280
867
621
227
30
988
292
487
540
507
29
393
233
410
99
284
443
67
18
63
799
938
413
282
724
610
590
928
900
43
674
180
911
647
408
293
635
52
133
527
560
514
272
793
924
724
429
720
143
448
135
942
386
549
576
462
511
519
743
411
562
417
592
825
64
352
471
52
404
956
931
964
470
204
109
394
280
539
466
423
339
602
718
725
503
294
539
366
165
282
777
80
51
721
257
468
425
728
872
182
684
803
146
506
359
608
901
639
499
719
63
838
321
781
915
824
427
454
542
945
89
320
25
140
393
282
960
171
363
832
353
399
988
851
906
347
459
159
987
310
878
50
148
200
183
415
376
610
222
919
555
311
591
932
803
336
567
764
507
930
948
212
681
936
64
587
284
875
746
623
538
625
673
686
177
856
454
553
818
676
824
726
987
767
10
142
456
577
258
963
859
207
528
541
495
944
480
779
171
227
402
709
204
427
748
381
635
202
286
806
878
463
532
217
582
894
359
38
824
618
354
683
825
882
576
672
826
57
452
349
636
206
59
192
986
159
925
621
361
563
779
591
378
663
808
961
558
167
999
382
137
353
417
314
235
994
987
413
403
791
115
391
997
174
935
335
333
860
309
46
775
88
637
154
752
797
115
662
316
114
44
454
468
813
768
55
159
755
821
914
546
936
657
896
462
592
583
147
804
892
193
580
333
182
734
85
979
849
99
647
963
495
101
783
308
870
839
468
977
12
382
876
948
40
772
410
984
355
557
789
600
102
369
933
636
103
370
967
304
469
614
267
964
716
403
624
938
594
92
915
606
827
791
554
219
915
316
203
623
225
344
223
679
713
508
315
168
878
634
824
699
248
444
15
316
847
639
254
441
84
522
47
263
665
953
482
581
621
37
556
198
382
131
877
447
639
544
968
869
178
792
568
778
236
583
95
435
574
349
876
658
223
275
921
889
580
755
822
201
793
730
751
527
861
628
326
852
524
646
721
702
791
641
481
27
576
928
463
150
277
691
161
853
319
434
94
899
190
268
453
335
998
204
214
211
185
892
63
709
539
784
412
330
777
245
709
353
173
524
855
802
568
16
7
887
803
101
786
993
369
591
328
367
796
894
578
333
786
993
42
325
129
806
7
906
403
69
611
576
593
467
731
161
835
738
400
638
192
539
983
561
130
663
281
278
557
211
611
344
205
654
21
686
812
29
593
216
98
556
144
43
375
227
557
211
966
957
201
158
496
185
71
979
200
704
257
758
916
869
102
473
875
123
159
39
504
104
255
954
661
752
350
36
979
907
599
297
216
153
455
65
690
879
44
890
583
301
648
851
522
102
324
749
226
836
789
82
940
396
37
953
148
387
990
128
646
941
425
862
94
233
927
784
464
971
675
399
625
323
251
499
426
927
249
4
115
390
438
408
138
827
361
287
214
703
767
212
645
544
427
739
129
354
876
945
678
551
345
655
226
948
154
4
227
755
360
343
497
799
751
636
626
464
275
193
168
394
405
165
290
832
904
772
539
780
717
569
683
414
224
910
362
730
914
590
838
627
285
335
426
36
323
404
852
950
597
20
344
355
185
635
539
442
759
430
574
476
999
258
891
575
168
253
658
434
195
496
413
480
183
839
868
507
596
721
457
193
741
154
900
279
789
792
721
900
222
295
376
574
905
267
501
73
873
159
860
420
655
273
901
839
465
769
698
61
842
155
606
936
309
859
215
450
651
288
350
225
935
79
799
841
698
301
266
923
812
126
344
468
752
597
659
569
718
709
982
561
216
588
497
526
799
712
328
450
0
31
28
935
462
827
128
160
480
395
84
293
873
428
113
625
377
124
546
95
833
528
656
49
469
153
927
268
217
608
71
569
991
99
857
453
278
985
613
759
380
49
404
254
829
869
231
206
345
778
302
530
658
958
579
127
464
859
748
681
819
819
251
810
270
460
263
548
445
228
659
826
630
415
80
459
284
663
666
629
441
320
159
100
630
91
579
94
302
327
128
121
498
731
931
768
191
546
669
636
126
328
462
756
744
894
216
380
558
234
362
351
554
873
803
184
964
383
279
618
62
759
739
913
490
22
681
681
568
702
669
47
31
484
803
127
378
19
507
288
605
869
992
159
743
795
696
59
530
327
678
593
86
769
858
576
792
539
609
712
594
278
759
625
762
563
752
493
934
611
133
540
481
125
51
576
273
747
987
803
74
665
748
160
435
606
88
579
498
697
291
92
328
51
69
90
614
821
935
900
432
69
440
265
194
844
193
819
591
181
623
18
846
371
530
633
330
619
212
828
668
504
272
996
907
341
439
873
514
374
773
298
795
566
564
990
762
757
809
353
938
784
723
137
508
254
770
838
225
335
18
245
191
642
594
98
983
33
323
849
759
448
147
555
14
711
897
776
821
58
482
111
195
205
248
703
811
371
893
36
58
263
634
249
905
228
699
240
613
22
89
372
470
236
279
837
300
176
965
473
587
799
584
782
5
185
485
168
908
378
557
966
993
191
567
898
419
266
138
32
640
579
756
462
815
36
651
467
212
617
940
151
416
877
933
773
414
418
942
322
148
851
640
493
42
207
391
813
825
881
845
817
812
601
279
628
989
931
447
554
900
740
705
668
617
639
442
383
409
736
705
910
587
345
403
981
904
147
794
729
380
639
546
193
592
177
173
582
460
620
488
712
712
193
381
681
184
175
64
946
911
769
856
850
466
611
831
370
110
625
99
491
616
997
36
560
527
209
494
987
181
982
700
894
176
433
575
712
608
992
658
871
761
514
721
228
478
552
950
940
529
402
431
145
399
467
57
278
28
552
266
210
534
318
456
62
103
383
775
711
375
433
582
137
300
655
717
130
207
19
70
88
421
502
585
173
321
642
451
350
194
69
912
81
387
368
143
842
103
918
553
479
704
487
968
4
142
37
134
701
56
556
789
478
58
374
651
732
369
102
434
915
172
698
996
911
66
492
754
521
410
659
0
466
147
968
470
289
5
956
991
62
513
780
892
923
507
543
7
228
997
441
143
521
139
492
433
557
984
539
79
746
198
431
213
697
400
35
987
757
992
978
171
857
110
63
132
969
958
140
197
956
933
693
477
425
185
262
334
521
153
413
267
704
845
480
401
597
516
388
706
860
718
878
69
829
941
201
150
900
693
348
208
627
393
37
404
578
652
738
99
805
504
718
509
349
199
911
298
67
651
4
927
370
234
348
551
176
549
701
428
595
401
988
574
794
25
978
724
677
716
175
835
220
894
344
921
445
607
571
512
611
576
791
333
162
139
884
338
40
937
118
635
691
106
209
485
484
539
562
513
608
737
348
180
983
45
102
428
4
25
940
615
953
83
948
116
222
184
454
615
122
925
602
813
383
164
650
219
703
212
733
311
302
81
492
285
478
946
714
483
971
6
98
925
90
47
41
664
231
847
631
705
124
234
870
508
398
521
727
453
85
812
765
387
246
609
25
724
907
91
207
230
97
658
507
539
705
548
556
288
748
187
346
224
773
216
732
171
89
812
625
175
624
742
914
870
703
291
947
610
382
154
192
832
812
700
723
869
600
631
510
348
819
856
573
944
72
657
116
162
821
93
689
798
187
955
20
890
247
967
852
629
122
44
813
286
744
537
156
345
168
18
45
339
874
970
284
298
628
752
460
801
197
501
599
384
457
620
274
56
587
478
37
61
522
851
700
619
740
208
964
908
226
9
600
100
980
236
398
960
340
211
113
537
64
713
921
521
685
547
577
624
377
615
38
899
818
738
518
558
946
834
818
524
844
418
624
176
654
374
488
346
937
601
883
2
666
156
875
703
55
805
328
432
420
366
684
590
456
554
148
754
389
318
278
585
737
254
113
743
980
601
90
918
554
325
272
573
482
147
276
537
952
956
322
724
674
6
314
130
560
814
884
949
485
514
886
222
768
999
317
101
600
759
371
507
437
643
80
919
790
356
808
95
313
130
819
987
488
486
470
49
652
706
350
137
221
237
711
341
236
381
442
189
492
813
696
929
808
128
200
599
484
361
46
149
491
217
489
332
55
959
733
708
665
83
197
238
672
261
580
909
642
374
450
486
188
498
416
996
626
968
947
462
329
345
612
173
563
101
505
618
412
238
678
429
673
876
668
346
137
248
607
131
622
57
617
162
907
385
511
533
354
810
995
683
156
959
856
71
412
361
689
824
951
368
254
625
596
274
971
733
522
930
216
496
339
833
11
246
219
874
779
573
684
126
256
192
86
113
263
850
826
953
27
778
673
633
403
269
907
726
2
781
656
570
277
995
403
640
593
974
514
372
547
199
850
156
743
288
621
7
139
799
960
166
577
633
151
332
254
58
410
608
839
66
178
468
413
581
109
6
556
975
730
455
174
581
611
270
221
584
277
360
384
589
878
313
574
29
646
828
439
56
436
278
475
614
99
240
547
560
599
455
535
329
263
62
262
874
332
484
811
609
196
195
198
427
508
772
456
506
952
248
915
388
526
742
354
977
334
253
537
933
709
73
615
972
487
229
198
819
65
361
428
262
556
978
689
417
102
497
275
54
745
190
794
624
284
500
953
619
753
491
552
462
916
519
786
403
749
337
222
814
698
2
428
607
332
117
376
434
967
651
840
64
194
634
40
478
134
994
97
239
837
2
54
105
521
840
508
270
529
82
437
228
436
865
835
768
335
211
554
654
214
746
70
408
732
111
887
218
457
336
457
646
338
511
751
212
704
611
834
233
45
271
813
833
489
0
953
824
563
507
478
778
605
548
186
337
11
425
555
820
762
364
818
452
876
569
664
932
532
499
165
929
122
979
762
611
979
715
787
895
574
617
673
179
518
211
868
529
637
423
702
751
140
520
203
16
442
220
948
974
71
465
256
193
796
18
157
128
734
944
23
308
562
696
840
80
907
708
961
896
484
663
647
624
536
851
992
978
423
940
304
494
757
560
687
554
579
844
682
665
141
705
325
703
401
165
135
660
226
96
557
710
760
204
686
296
407
678
626
830
970
930
324
727
491
364
281
422
560
963
87
53
20
764
756
773
930
891
434
508
340
991
218
100
547
904
748
307
582
726
137
552
656
814
631
499
530
913
273
442
228
712
496
249
477
604
22
759
848
808
267
188
151
485
640
699
741
740
358
675
466
847
579
122
13
210
974
543
475
247
338
56
960
186
305
437
790
679
196
638
840
463
826
991
300
466
42
393
206
400
68
672
248
999
147
261
209
121
157
37
368
847
93
680
33
750
117
823
781
665
814
621
480
640
613
780
459
7
525
17
408
945
42
8
944
189
621
506
662
778
543
382
625
988
63
10
738
532
834
871
198
648
493
678
640
458
811
99
817
688
469
225
634
511
585
578
52
207
436
714
985
979
96
963
319
511
973
409
44
159
281
594
807
126
624
800
936
787
899
753
476
368
331
110
231
916
40
283
123
477
997
461
808
446
776
128
309
101
537
705
261
170
299
420
648
276
220
584
63
472
338
539
192
21
1
776
937
42
59
61
871
409
874
679
207
650
159
516
103
49
222
364
219
873
137
868
149
709
804
213
533
494
104
78
515
106
854
453
500
913
866
723
674
92
402
881
742
562
398
197
963
972
914
182
845
51
402
995
112
207
560
646
701
664
76
217
122
930
22
974
195
888
697
870
980
100
103
74
14
501
271
977
825
185
511
23
588
266
370
701
473
930
699
526
946
775
95
69
57
117
395
252
357
93
474
337
545
578
763
911
431
387
240
257
924
751
280
513
17
650
566
842
932
617
721
878
744
816
299
801
934
695
405
291
140
880
981
685
810
744
596
241
483
836
850
408
939
482
273
309
484
191
503
416
808
224
647
904
393
946
57
327
993
462
970
133
694
951
818
504
48
766
98
531
954
948
291
246
431
564
907
915
107
410
684
915
987
331
171
380
277
228
59
623
43
29
756
737
333
927
594
733
45
692
616
0
992
908
598
775
824
505
43
932
267
727
199
606
58
371
986
687
951
397
310
994
427
419
732
112
346
326
845
391
370
813
743
362
721
341
138
898
198
181
830
466
260
381
72
318
752
411
357
56
808
20
50
587
439
782
699
137
460
896
880
182
710
624
545
783
317
35
681
516
568
863
334
828
245
758
498
349
169
207
405
330
227
456
917
18
590
969
155
403
865
36
585
927
12
482
711
329
869
744
197
437
608
531
617
853
290
467
554
811
675
960
141
902
768
411
921
358
380
428
113
597
816
699
525
828
533
588
510
403
332
707
192
292
591
810
497
233
277
52
396
304
12
538
207
780
301
480
490
33
908
604
630
725
655
507
905
188
447
415
591
780
475
136
424
418
946
922
651
575
974
47
880
986
937
439
118
590
271
608
623
179
212
254
256
867
113
514
56
561
929
999
693
756
487
117
174
785
39
177
361
13
225
593
351
514
384
469
457
655
78
80
186
642
686
795
510
800
309
918
361
590
269
406
347
757
523
873
894
915
51
607
280
628
200
632
494
936
453
951
591
883
32
130
526
718
925
388
518
586
658
231
176
279
637
875
36
513
101
283
780
152
890
60
780
91
44
626
379
498
578
971
733
962
453
259
680
378
999
551
316
657
134
844
937
124
720
325
637
821
608
417
325
851
829
457
294
874
83
673
724
661
996
457
623
449
69
656
179
420
559
495
78
693
340
367
817
412
44
806
585
5
575
910
856
757
367
150
631
802
175
707
464
172
164
439
621
585
95
153
6
6
648
436
700
340
803
869
752
199
28
337
556
603
599
412
360
318
914
343
121
90
50
585
262
567
376
235
152
824
740
158
830
389
946
530
81
749
752
834
301
780
523
857
383
123
622
96
441
888
791
914
978
842
499
592
409
228
180
913
52
920
424
234
661
370
117
743
472
869
929
773
649
452
982
384
927
956
832
721
845
624
635
175
818
487
768
579
67
300
492
471
572
916
705
234
639
822
329
111
43
258
236
44
62
570
429
990
527
613
63
372
237
50
899
407
889
667
986
956
319
831
427
892
99
485
126
738
307
455
201
703
65
437
747
127
360
176
469
887
142
884
611
731
935
510
139
176
530
477
133
201
308
912
93
408
397
571
498
57
378
700
760
443
489
507
923
849
36
392
88
178
629
51
909
916
914
400
92
444
878
225
645
186
138
91
946
535
662
445
944
393
145
704
836
634
212
111
836
248
856
924
778
485
976
39
401
890
440
493
686
318
719
683
856
209
126
803
96
789
248
41
182
393
745
370
379
309
482
215
909
338
492
687
823
820
727
576
62
167
69
748
837
140
783
693
701
910
848
150
51
96
191
585
841
288
307
221
598
789
788
859
479
280
547
654
100
626
230
162
793
652
262
982
792
398
27
846
660
876
996
711
972
187
648
814
827
955
387
777
97
175
637
576
808
536
231
908
162
813
423
955
465
37
289
610
787
316
456
447
192
452
510
517
991
510
683
818
466
70
948
563
597
937
491
405
473
722
666
635
888
441
942
353
830
231
315
618
899
771
65
92
575
928
961
566
438
644
737
256
714
685
819
663
622
311
69
447
385
87
82
273
528
24
979
358
607
294
328
506
418
394
598
993
674
911
560
464
555
649
721
621
686
892
285
660
555
706
107
293
793
189
566
673
565
897
31
172
544
360
678
962
106
629
955
132
540
867
596
448
868
669
69
554
562
354
214
117
412
673
410
205
862
329
878
779
578
262
951
122
974
630
436
432
611
744
564
503
963
512
951
832
182
21
738
96
727
305
565
140
978
328
697
193
9
928
972
939
542
924
414
516
906
850
300
869
946
216
372
910
728
324
94
262
697
832
710
424
137
628
916
468
956
966
661
317
894
985
256
436
261
670
304
519
873
956
388
819
172
113
729
252
437
175
867
486
8
929
262
497
557
179
317
865
497
330
182
391
316
791
179
577
461
835
449
334
791
837
506
315
302
587
567
91
763
786
577
771
716
840
620
273
371
938
491
868
268
673
611
936
464
142
514
278
977
315
964
120
504
470
435
807
410
354
898
173
493
476
944
209
668
916
834
39
854
325
259
475
351
870
411
167
12
277
797
341
592
762
813
97
584
248
904
994
954
802
519
447
630
463
8
298
732
195
689
586
872
300
413
223
522
825
743
534
102
540
227
695
654
40
792
591
640
48
937
947
202
457
746
833
272
755
483
4
302
173
943
174
825
356
398
348
181
141
234
284
33
462
331
688
854
475
279
495
523
216
794
725
25
540
558
298
295
394
302
597
919
245
772
744
602
522
92
135
15
327
419
48
141
750
736
995
225
367
842
100
936
636
826
961
177
736
611
824
130
914
774
49
511
898
794
465
420
238
601
787
917
20
835
58
123
924
406
700
643
248
153
931
237
979
893
414
67
504
590
198
770
364
599
634
614
745
99
386
984
700
173
901
73
361
312
548
637
718
600
280
966
753
212
555
84
457
321
152
313
912
702
436
628
301
70
243
399
169
629
383
222
155
636
295
868
948
195
505
666
795
137
985
901
701
540
985
158
862
489
824
126
191
260
754
845
330
349
244
851
331
979
73
838
967
720
706
268
915
211
286
711
348
623
612
50
164
949
560
378
439
384
856
982
996
962
827
678
312
423
530
995
754
955
833
74
676
539
342
943
750
628
6
450
252
618
852
768
920
413
498
711
149
354
693
498
668
873
176
980
648
58
327
403
366
160
477
394
699
171
337
801
799
344
604
403
314
456
171
234
869
21
945
371
727
991
869
396
864
397
728
512
456
56
267
822
216
744
216
268
915
905
421
67
249
25
470
564
482
994
150
703
15
448
74
95
439
295
491
303
693
219
815
501
627
83
675
196
179
243
464
447
148
885
514
398
263
336
314
745
330
464
448
698
912
875
793
351
522
636
6
215
207
174
68
835
609
743
31
788
986
847
235
135
84
101
885
347
438
551
92
120
15
893
818
280
120
963
983
642
951
990
210
159
516
278
346
125
22
377
913
360
224
501
847
308
954
732
8
392
283
452
513
651
345
683
283
817
999
266
812
950
608
22
461
124
652
807
601
26
184
515
387
760
368
234
421
322
319
429
67
954
881
932
957
579
967
240
748
966
859
560
269
819
934
730
944
939
890
545
965
426
412
352
187
132
939
960
807
610
389
874
564
622
158
874
201
125
114
950
92
325
862
713
145
149
795
441
88
685
338
53
112
103
758
651
235
49
611
42
659
0
268
575
622
426
449
176
552
916
478
996
241
340
61
386
841
856
827
929
542
518
335
6
621
93
657
856
494
268
251
153
620
519
80
594
298
530
122
202
446
600
198
687
293
259
426
134
467
605
416
361
123
751
367
744
196
376
953
690
996
204
195
968
75
627
563
373
157
37
575
955
638
125
995
283
736
421
769
556
378
185
917
502
288
637
246
836
365
199
878
362
755
73
330
831
701
245
556
210
635
484
518
273
961
513
908
698
286
29
606
664
567
523
518
855
512
765
692
878
316
570
240
72
996
922
255
49
520
163
611
155
647
129
780
609
994
688
659
632
717
265
297
284
140
167
492
653
932
536
531
601
106
771
673
454
45
280
503
565
443
115
720
91
596
500
52
591
540
63
223
258
328
872
894
820
40
738
473
324
274
4
925
381
127
950
187
173
582
691
738
26
158
811
469
754
311
873
697
852
936
921
462
616
145
708
436
537
447
910
862
721
266
139
454
394
90
994
567
672
685
657
50
195
468
519
301
132
744
999
336
680
272
798
648
769
858
85
307
657
347
169
731
613
308
185
7
750
179
926
775
216
936
177
763
756
49
65
888
793
64
576
474
688
374
474
457
585
559
764
242
906
285
973
872
946
511
879
48
42
158
823
259
446
353
22
202
402
439
443
195
855
19
21
543
746
496
353
331
407
117
925
314
755
899
186
701
762
417
749
804
927
925
415
373
278
790
928
680
229
371
227
85
742
249
980
488
97
333
171
504
803
97
170
558
348
708
611
110
126
712
266
405
989
682
131
267
472
59
299
53
782
879
490
876
128
471
365
577
156
888
81
959
337
252
869
37
960
832
499
438
545
766
844
534
448
327
154
272
738
805
677
520
684
168
748
164
639
113
741
795
354
823
107
691
427
976
81
387
809
580
178
706
346
22
592
146
701
98
770
439
256
448
311
940
616
59
457
255
525
550
402
879
373
509
922
152
838
355
540
999
936
718
705
634
92
649
781
145
748
903
584
4
351
247
296
319
306
105
574
183
656
329
414
381
838
689
534
28
44
426
27
980
496
732
615
588
734
748
85
834
651
669
190
3
916
838
322
574
944
249
758
600
930
524
333
120
213
867
149
258
293
176
590
141
261
205
729
995
305
814
829
957
835
371
312
103
209
986
30
153
587
140
105
517
664
439
638
878
306
787
488
952
315
78
93
576
636
175
923
941
341
104
898
529
475
562
632
685
549
14
838
136
154
944
6
819
735
644
697
393
783
537
697
98
615
791
27
251
318
950
193
11
55
443
540
882
6
525
567
555
539
758
43
46
702
49
865
789
45
914
182
828
451
880
279
66
23
658
670
693
960
863
704
367
306
597
250
312
474
817
219
13
575
263
411
629
664
276
418
710
190
953
890
993
833
521
412
208
179
82
901
492
297
605
859
603
554
109
268
28
279
839
394
206
454
805
836
119
82
606
181
624
559
71
970
744
945
382
952
476
464
853
968
761
811
828
716
717
289
336
746
568
528
140
775
982
297
963
453
379
921
634
356
481
58
326
577
3
708
882
831
524
87
800
637
898
628
705
616
269
42
714
838
570
854
965
904
151
280
358
883
201
344
591
34
402
917
612
757
977
494
589
853
581
389
490
832
369
195
800
638
589
514
828
511
720
145
416
223
425
126
458
627
470
49
661
873
318
273
982
295
119
571
148
53
312
990
885
33
186
685
24
775
551
852
287
271
350
55
846
775
181
305
402
651
354
416
876
673
41
859
320
161
782
821
214
447
811
451
480
997
488
504
125
391
357
764
662
59
819
860
834
0
165
589
3
872
5
232
897
398
443
217
559
225
390
125
672
202
928
153
551
416
9
676
807
366
440
821
777
611
34
612
611
199
201
967
423
558
199
320
956
642
890
868
219
280
345
892
834
274
397
386
42
406
414
202
125
207
375
902
818
409
866
782
961
67
749
384
977
300
57
934
942
299
154
161
579
499
405
766
773
802
504
168
561
918
370
38
125
745
940
296
507
807
78
468
226
179
204
204
479
261
490
421
912
644
934
844
495
340
610
269
494
114
789
55
32
159
445
510
256
386
158
763
545
236
583
123
767
788
679
246
401
169
19
314
165
953
158
661
645
768
282
140
234
71
547
618
582
993
128
838
731
286
954
628
874
537
751
641
325
431
239
727
952
258
393
470
564
551
483
209
671
765
701
905
188
601
523
122
946
4
960
29
642
266
657
869
804
760
862
129
191
102
208
496
712
601
966
276
504
449
838
527
566
891
784
106
492
308
228
790
664
540
819
658
807
828
527
611
589
390
92
132
844
653
980
556
606
298
833
463
99
23
990
665
914
775
123
759
435
703
549
451
244
721
109
51
549
989
14
490
379
458
975
223
111
955
779
718
254
964
181
705
987
523
371
902
298
846
661
733
550
562
184
146
283
646
549
185
635
563
27
14
21
354
589
485
310
720
555
916
685
88
621
24
611
344
278
910
543
291
995
93
854
532
239
489
178
788
26
813
703
54
179
76
408
120
561
70
840
468
338
877
556
312
254
520
656
532
782
551
824
129
644
30
661
235
519
839
375
546
4
78
952
535
155
360
655
68
783
496
889
121
725
797
433
979
317
442
864
99
993
688
581
990
70
242
225
589
434
601
487
438
31
791
974
186
152
981
607
287
829
496
760
555
293
194
886
963
988
102
414
333
142
995
323
212
238
901
154
24
502
641
814
885
433
140
424
937
122
31
576
951
879
336
858
524
882
97
839
870
199
254
204
342
249
879
554
839
780
708
215
634
702
30
520
487
170
944
776
292
327
352
596
206
40
806
82
923
903
922
145
103
176
349
797
777
581
351
969
361
412
184
996
466
566
868
953
737
812
81
381
139
785
329
697
177
136
779
100
391
701
246
494
229
947
643
359
528
995
680
242
759
216
590
225
783
458
530
872
270
963
605
409
748
935
106
925
423
237
378
814
939
976
661
520
275
304
879
156
651
911
398
410
128
988
987
911
446
869
135
716
832
740
477
932
675
935
210
98
172
588
265
463
916
926
984
191
230
215
347
882
127
97
644
607
85
984
870
531
853
5
599
686
745
428
618
773
363
180
223
536
120
488
351
36
414
335
580
997
903
927
231
382
25
227
989
462
211
211
346
65
216
945
751
313
374
721
438
89
902
662
977
22
502
329
411
269
16
991
266
271
270
849
653
295
76
994
110
288
205
456
353
773
401
104
439
127
177
877
569
431
891
546
806
394
227
217
663
244
560
281
515
830
130
521
478
206
515
588
494
73
44
847
846
797
303
285
925
833
163
494
264
406
392
70
800
620
639
815
216
199
96
83
30
578
604
860
785
472
448
631
545
492
479
391
289
134
29
566
967
192
412
584
950
805
6
751
777
646
918
345
197
367
428
579
945
385
439
730
857
887
362
402
379
193
145
21
679
174
587
999
718
0
583
669
157
589
772
286
587
690
631
785
57
59
364
355
796
156
85
653
43
799
407
775
344
553
796
24
79
383
23
798
735
958
819
892
547
591
178
487
633
161
272
43
221
988
398
369
144
835
23
540
635
782
315
331
687
111
707
767
846
730
565
934
40
384
826
940
327
357
427
960
518
51
3
91
391
401
461
888
237
836
428
224
970
743
555
658
206
263
425
404
345
342
338
738
726
517
678
405
226
457
365
96
508
369
188
899
122
1
787
711
189
567
935
159
310
843
817
868
458
242
625
155
936
315
893
662
832
923
67
410
380
785
507
888
506
695
140
628
48
279
692
589
847
627
748
509
822
918
730
632
512
355
788
449
670
33
463
855
957
883
265
337
668
772
578
174
819
718
154
219
349
846
808
196
826
557
58
648
827
788
281
339
143
421
788
165
454
604
20
411
487
286
101
155
410
679
681
230
749
835
449
450
34
258
999
860
167
57
860
346
845
493
685
988
266
826
505
721
430
526
484
269
812
937
776
574
968
457
804
69
644
606
520
678
216
519
890
735
576
103
81
773
948
118
113
215
944
618
936
726
144
772
347
308
62
123
883
30
580
39
100
577
645
972
255
213
491
498
948
419
601
381
192
901
500
657
116
796
275
404
875
420
177
222
80
591
346
315
621
278
355
73
855
352
45
463
566
888
961
866
307
914
600
851
815
452
508
284
248
136
688
475
908
217
698
988
808
396
304
430
674
11
503
882
363
901
345
281
789
658
500
97
924
452
300
91
904
161
375
152
297
64
980
557
281
30
545
442
426
201
224
452
564
727
334
928
628
31
561
770
689
413
867
965
865
519
57
769
32
432
274
329
848
254
238
482
284
784
924
62
337
148
866
902
227
201
182
208
584
95
978
626
509
197
591
726
68
648
848
101
81
474
782
929
728
21
411
364
157
687
778
494
835
644
396
63
197
930
623
782
26
601
408
887
150
999
965
218
0
813
319
81
287
102
362
367
123
126
83
280
813
861
126
1
506
875
416
703
805
39
837
183
992
597
70
142
597
36
360
597
201
680
30
489
134
744
208
257
222
292
889
36
153
15
389
11
890
805
67
48
196
256
231
188
854
654
682
451
690
42
400
243
74
782
84
208
878
293
817
101
937
58
489
442
74
878
454
316
35
873
364
231
129
948
771
983
602
453
786
644
847
538
887
274
320
972
834
199
617
4
300
554
62
789
996
136
19
802
805
54
675
521
637
157
469
408
140
71
213
279
715
412
817
955
686
490
279
521
689
896
877
341
802
939
482
798
428
853
601
233
907
628
754
896
785
224
304
278
647
869
557
715
281
374
670
320
864
301
193
905
197
70
598
351
9
432
149
437
285
102
670
544
83
777
440
868
353
96
498
0
965
55
715
599
782
737
919
646
38
112
904
587
182
854
938
191
639
440
981
276
542
3
821
625
780
613
846
133
62
344
486
27
752
201
978
534
291
897
532
329
9
436
917
543
643
207
87
282
647
68
558
542
423
731
519
204
697
717
689
759
62
175
138
814
729
117
700
20
366
232
349
376
21
618
271
664
178
710
298
825
778
856
719
554
940
239
758
989
956
799
748
370
975
238
536
704
707
236
76
74
469
425
802
490
396
73
154
574
784
452
751
914
660
823
468
952
62
578
941
370
378
41
741
705
280
629
761
987
866
837
61
335
614
863
177
10
289
683
936
73
487
40
339
499
863
160
452
277
738
745
647
468
787
740
173
419
370
934
758
236
771
820
923
386
35
452
748
676
135
37
101
622
77
441
473
940
601
925
217
691
23
216
160
810
957
333
581
327
620
339
915
743
511
190
481
547
642
230
223
777
267
325
751
696
118
224
988
719
502
205
762
525
773
922
687
730
608
268
409
228
607
324
971
119
514
453
18
156
35
593
285
654
270
36
350
388
613
338
459
467
895
222
992
668
144
679
751
104
299
160
332
906
485
656
377
351
461
395
508
496
989
145
502
611
534
852
0
147
542
811
614
789
33
958
457
530
989
560
634
288
721
319
546
558
975
924
909
788
671
417
636
12
915
138
624
449
342
624
596
884
787
562
25
173
520
482
703
509
43
689
149
116
360
695
674
687
619
583
475
291
353
111
303
268
601
279
717
943
903
665
179
43
227
204
216
99
39
271
960
434
960
109
550
673
804
224
360
776
159
188
419
512
651
74
132
253
354
201
196
609
866
728
652
445
932
868
544
323
139
856
757
452
965
659
477
122
235
837
250
395
377
21
259
29
95
744
282
801
945
830
763
164
910
415
609
843
636
506
518
127
362
276
931
680
287
408
154
523
598
404
270
975
425
529
356
872
625
990
26
571
821
789
735
83
556
696
278
544
202
797
672
917
73
955
949
360
364
103
235
314
859
505
641
284
387
998
508
12
988
534
583
161
675
670
245
232
367
523
128
921
320
800
190
745
108
139
458
472
242
693
138
101
551
779
737
938
777
246
950
118
132
886
279
808
556
876
392
275
752
520
197
424
673
739
522
781
879
980
605
473
25
743
575
928
522
664
866
652
262
817
770
747
703
401
907
611
278
299
887
382
171
436
806
844
175
328
977
54
660
582
880
38
677
455
318
200
471
185
852
734
354
622
833
409
375
740
20
5
39
259
387
210
695
546
407
871
226
384
277
887
319
157
277
996
964
595
548
788
132
400
522
486
374
355
895
750
447
268
755
486
527
495
48
223
41
807
446
267
544
75
506
863
233
135
211
549
83
760
337
215
512
211
702
887
918
949
989
365
569
96
203
97
591
252
672
984
59
470
252
955
545
110
818
130
246
382
680
329
142
369
544
654
581
598
893
851
900
882
217
469
331
420
918
922
24
942
907
436
412
511
391
958
621
562
440
867
944
472
548
86
842
93
92
775
43
986
626
295
220
195
117
551
616
35
826
992
978
85
428
742
948
820
52
569
382
493
789
678
965
337
764
159
782
208
934
178
194
561
473
767
756
590
670
724
978
848
717
308
933
497
50
233
317
103
803
51
948
944
81
913
633
845
73
768
406
7
946
952
920
771
719
29
714
742
753
692
590
822
0
876
320
402
109
989
505
264
393
805
208
474
719
194
672
144
962
78
503
260
30
776
383
102
805
97
844
910
141
786
733
493
662
53
896
124
42
753
388
787
559
949
262
630
143
934
774
457
364
629
69
394
405
804
496
210
254
692
121
395
479
854
241
141
259
137
617
653
242
6
441
801
955
703
431
450
989
557
259
353
187
680
99
944
836
596
155
90
640
628
838
119
834
79
613
93
568
230
98
810
588
539
964
895
594
747
697
935
305
308
640
844
988
740
788
825
688
295
267
328
275
105
800
109
536
765
554
456
995
653
267
936
544
583
831
491
330
529
778
987
837
419
183
178
159
324
355
847
971
622
175
247
80
327
356
968
92
263
425
440
268
44
376
812
627
559
655
309
88
434
297
278
853
832
808
12
156
163
211
128
137
738
727
569
66
83
538
158
698
315
598
966
359
326
131
986
886
786
647
326
572
944
956
777
129
764
141
637
279
352
765
769
91
492
690
509
928
580
19
626
895
970
945
254
296
76
592
534
214
240
861
139
536
817
916
17
934
58
655
213
762
772
982
205
617
673
714
545
253
734
523
501
704
820
107
0
896
700
887
463
292
748
602
180
917
870
198
851
280
853
65
43
625
399
248
242
424
315
139
30
49
15
531
753
835
990
105
84
690
992
899
334
92
853
515
10
723
713
213
4
918
630
399
895
382
999
138
806
314
629
188
363
996
71
468
184
62
926
620
104
270
519
439
363
724
954
725
447
19
938
803
289
569
554
184
951
554
322
109
868
304
650
232
300
721
52
836
135
978
456
240
249
975
31
964
51
337
689
851
356
979
6
645
900
561
829
851
115
504
313
335
160
963
919
812
36
972
649
524
302
105
764
903
433
147
867
484
484
908
687
192
888
694
189
788
255
18
992
722
874
657
57
386
972
329
199
8
653
200
884
955
657
0
859
442
147
726
279
631
635
966
823
875
660
12
663
267
383
7
989
609
664
399
348
636
80
899
997
733
99
881
688
108
234
899
551
381
978
830
13
613
148
188
840
809
553
855
428
288
863
418
249
879
169
597
868
249
496
217
334
595
450
22
56
684
274
607
66
252
789
431
217
937
971
57
98
876
912
527
164
127
297
414
359
818
363
227
419
860
796
753
807
246
775
863
283
49
822
349
653
611
132
870
901
455
927
351
332
192
878
848
319
527
614
30
345
978
609
764
838
405
869
645
4
997
861
287
46
683
988
52
295
472
922
548
927
